0 20 39 58 77 94 112 129 145 160 175 190 203 216 227 238 248 258 266 273 279 284 288 291 292 293 292 291 288 284 279 273 266 258 248 238 227 216 203 190 175 160 145 129 112 94 77 58 39 20
20 40 60 79 98 116 134 151 168 184 200 214 228 241 253 265 275 284 293 300 307 312 316 319 321 321 321 319 316 312 307 300 293 284 275 265 253 241 228 214 200 184 168 151 134 116 98 79 60 40
39 60 80 100 119 138 156 174 191 208 223 238 253 266 279 291 301 311 320 328 334 340 344 347 349 349 349 347 344 340 334 328 320 311 301 291 279 266 253 238 223 208 191 174 156 138 119 100 80 60
58 79 100 120 140 159 178 196 214 231 247 262 277 291 304 316 328 338 347 355 362 368 372 375 377 378 377 375 372 368 362 355 347 338 328 316 304 291 277 262 247 231 214 196 178 159 140 120 100 79
77 98 119 140 160 180 199 218 236 253 270 286 301 316 329 342 354 364 374 382 389 395 400 403 405 406 405 403 400 395 389 382 374 364 354 342 329 316 301 286 270 253 236 218 199 180 160 140 119 98
94 116 138 159 180 200 220 239 258 276 293 309 325 340 354 368 380 391 401 409 417 423 428 431 434 434 434 431 428 423 417 409 401 391 380 368 354 340 325 309 293 276 258 239 220 200 180 159 138 116
112 134 156 178 199 220 240 260 279 297 315 332 349 364 379 393 405 417 427 436 444 451 456 460 462 463 462 460 456 451 444 436 427 417 405 393 379 364 349 332 315 297 279 260 240 220 199 178 156 134
129 151 174 196 218 239 260 280 300 319 337 355 372 388 403 418 431 443 454 463 472 478 484 488 490 491 490 488 484 478 472 463 454 443 431 418 403 388 372 355 337 319 300 280 260 239 218 196 174 151
145 168 191 214 236 258 279 300 320 340 359 377 395 411 427 442 456 469 480 490 499 506 512 516 518 519 518 516 512 506 499 490 480 469 456 442 427 411 395 377 359 340 320 300 279 258 236 214 191 168
160 184 208 231 253 276 297 319 340 360 380 399 417 434 451 466 481 494 506 517 526 534 540 544 547 547 547 544 540 534 526 517 506 494 481 466 451 434 417 399 380 360 340 319 297 276 253 231 208 184
175 200 223 247 270 293 315 337 359 380 400 420 439 457 474 490 505 519 532 543 553 561 567 572 575 576 575 572 567 561 553 543 532 519 505 490 474 457 439 420 400 380 359 337 315 293 270 247 223 200
190 214 238 262 286 309 332 355 377 399 420 440 460 478 496 513 529 544 557 569 580 588 595 600 603 604 603 600 595 588 580 569 557 544 529 513 496 478 460 440 420 399 377 355 332 309 286 262 238 214
203 228 253 277 301 325 349 372 395 417 439 460 480 500 518 536 553 568 582 595 606 615 623 628 631 632 631 628 623 615 606 595 582 568 553 536 518 500 480 460 439 417 395 372 349 325 301 277 253 228
216 241 266 291 316 340 364 388 411 434 457 478 500 520 540 558 576 592 607 621 632 642 650 656 659 661 659 656 650 642 632 621 607 592 576 558 540 520 500 478 457 434 411 388 364 340 316 291 266 241
227 253 279 304 329 354 379 403 427 451 474 496 518 540 560 580 598 615 631 646 658 669 678 684 688 689 688 684 678 669 658 646 631 615 598 580 560 540 518 496 474 451 427 403 379 354 329 304 279 253
238 265 291 316 342 368 393 418 442 466 490 513 536 558 580 600 619 638 655 670 684 695 705 712 716 717 716 712 705 695 684 670 655 638 619 600 580 558 536 513 490 466 442 418 393 368 342 316 291 265
248 275 301 328 354 380 405 431 456 481 505 529 553 576 598 619 640 659 678 694 709 721 732 739 744 745 744 739 732 721 709 694 678 659 640 619 598 576 553 529 505 481 456 431 405 380 354 328 301 275
258 284 311 338 364 391 417 443 469 494 519 544 568 592 615 638 659 680 699 717 733 747 758 767 772 774 772 767 758 747 733 717 699 680 659 638 615 592 568 544 519 494 469 443 417 391 364 338 311 284
266 293 320 347 374 401 427 454 480 506 532 557 582 607 631 655 678 699 720 739 757 772 785 794 800 802 800 794 785 772 757 739 720 699 678 655 631 607 582 557 532 506 480 454 427 401 374 347 320 293
273 300 328 355 382 409 436 463 490 517 543 569 595 621 646 670 694 717 739 760 779 796 810 821 828 830 828 821 810 796 779 760 739 717 694 670 646 621 595 569 543 517 490 463 436 409 382 355 328 300
279 307 334 362 389 417 444 472 499 526 553 580 606 632 658 684 709 733 757 779 800 819 835 848 856 859 856 848 835 819 800 779 757 733 709 684 658 632 606 580 553 526 499 472 444 417 389 362 334 307
284 312 340 368 395 423 451 478 506 534 561 588 615 642 669 695 721 747 772 796 819 840 859 874 883 887 883 874 859 840 819 796 772 747 721 695 669 642 615 588 561 534 506 478 451 423 395 368 340 312
288 316 344 372 400 428 456 484 512 540 567 595 623 650 678 705 732 758 785 810 835 859 880 898 911 915 911 898 880 859 835 810 785 758 732 705 678 650 623 595 567 540 512 484 456 428 400 372 344 316
291 319 347 375 403 431 460 488 516 544 572 600 628 656 684 712 739 767 794 821 848 874 898 920 937 943 937 920 898 874 848 821 794 767 739 712 684 656 628 600 572 544 516 488 460 431 403 375 347 319
292 321 349 377 405 434 462 490 518 547 575 603 631 659 688 716 744 772 800 828 856 883 911 937 960 972 960 937 911 883 856 828 800 772 744 716 688 659 631 603 575 547 518 490 462 434 405 377 349 321
293 321 349 378 406 434 463 491 519 547 576 604 632 661 689 717 745 774 802 830 859 887 915 943 972 1000 972 943 915 887 859 830 802 774 745 717 689 661 632 604 576 547 519 491 463 434 406 378 349 321
292 321 349 377 405 434 462 490 518 547 575 603 631 659 688 716 744 772 800 828 856 883 911 937 960 972 960 937 911 883 856 828 800 772 744 716 688 659 631 603 575 547 518 490 462 434 405 377 349 321
291 319 347 375 403 431 460 488 516 544 572 600 628 656 684 712 739 767 794 821 848 874 898 920 937 943 937 920 898 874 848 821 794 767 739 712 684 656 628 600 572 544 516 488 460 431 403 375 347 319
288 316 344 372 400 428 456 484 512 540 567 595 623 650 678 705 732 758 785 810 835 859 880 898 911 915 911 898 880 859 835 810 785 758 732 705 678 650 623 595 567 540 512 484 456 428 400 372 344 316
284 312 340 368 395 423 451 478 506 534 561 588 615 642 669 695 721 747 772 796 819 840 859 874 883 887 883 874 859 840 819 796 772 747 721 695 669 642 615 588 561 534 506 478 451 423 395 368 340 312
279 307 334 362 389 417 444 472 499 526 553 580 606 632 658 684 709 733 757 779 800 819 835 848 856 859 856 848 835 819 800 779 757 733 709 684 658 632 606 580 553 526 499 472 444 417 389 362 334 307
273 300 328 355 382 409 436 463 490 517 543 569 595 621 646 670 694 717 739 760 779 796 810 821 828 830 828 821 810 796 779 760 739 717 694 670 646 621 595 569 543 517 490 463 436 409 382 355 328 300
266 293 320 347 374 401 427 454 480 506 532 557 582 607 631 655 678 699 720 739 757 772 785 794 800 802 800 794 785 772 757 739 720 699 678 655 631 607 582 557 532 506 480 454 427 401 374 347 320 293
258 284 311 338 364 391 417 443 469 494 519 544 568 592 615 638 659 680 699 717 733 747 758 767 772 774 772 767 758 747 733 717 699 680 659 638 615 592 568 544 519 494 469 443 417 391 364 338 311 284
248 275 301 328 354 380 405 431 456 481 505 529 553 576 598 619 640 659 678 694 709 721 732 739 744 745 744 739 732 721 709 694 678 659 640 619 598 576 553 529 505 481 456 431 405 380 354 328 301 275
238 265 291 316 342 368 393 418 442 466 490 513 536 558 580 600 619 638 655 670 684 695 705 712 716 717 716 712 705 695 684 670 655 638 619 600 580 558 536 513 490 466 442 418 393 368 342 316 291 265
227 253 279 304 329 354 379 403 427 451 474 496 518 540 560 580 598 615 631 646 658 669 678 684 688 689 688 684 678 669 658 646 631 615 598 580 560 540 518 496 474 451 427 403 379 354 329 304 279 253
216 241 266 291 316 340 364 388 411 434 457 478 500 520 540 558 576 592 607 621 632 642 650 656 659 661 659 656 650 642 632 621 607 592 576 558 540 520 500 478 457 434 411 388 364 340 316 291 266 241
203 228 253 277 301 325 349 372 395 417 439 460 480 500 518 536 553 568 582 595 606 615 623 628 631 632 631 628 623 615 606 595 582 568 553 536 518 500 480 460 439 417 395 372 349 325 301 277 253 228
190 214 238 262 286 309 332 355 377 399 420 440 460 478 496 513 529 544 557 569 580 588 595 600 603 604 603 600 595 588 580 569 557 544 529 513 496 478 460 440 420 399 377 355 332 309 286 262 238 214
175 200 223 247 270 293 315 337 359 380 400 420 439 457 474 490 505 519 532 543 553 561 567 572 575 576 575 572 567 561 553 543 532 519 505 490 474 457 439 420 400 380 359 337 315 293 270 247 223 200
160 184 208 231 253 276 297 319 340 360 380 399 417 434 451 466 481 494 506 517 526 534 540 544 547 547 547 544 540 534 526 517 506 494 481 466 451 434 417 399 380 360 340 319 297 276 253 231 208 184
145 168 191 214 236 258 279 300 320 340 359 377 395 411 427 442 456 469 480 490 499 506 512 516 518 519 518 516 512 506 499 490 480 469 456 442 427 411 395 377 359 340 320 300 279 258 236 214 191 168
129 151 174 196 218 239 260 280 300 319 337 355 372 388 403 418 431 443 454 463 472 478 484 488 490 491 490 488 484 478 472 463 454 443 431 418 403 388 372 355 337 319 300 280 260 239 218 196 174 151
112 134 156 178 199 220 240 260 279 297 315 332 349 364 379 393 405 417 427 436 444 451 456 460 462 463 462 460 456 451 444 436 427 417 405 393 379 364 349 332 315 297 279 260 240 220 199 178 156 134
94 116 138 159 180 200 220 239 258 276 293 309 325 340 354 368 380 391 401 409 417 423 428 431 434 434 434 431 428 423 417 409 401 391 380 368 354 340 325 309 293 276 258 239 220 200 180 159 138 116
77 98 119 140 160 180 199 218 236 253 270 286 301 316 329 342 354 364 374 382 389 395 400 403 405 406 405 403 400 395 389 382 374 364 354 342 329 316 301 286 270 253 236 218 199 180 160 140 119 98
58 79 100 120 140 159 178 196 214 231 247 262 277 291 304 316 328 338 347 355 362 368 372 375 377 378 377 375 372 368 362 355 347 338 328 316 304 291 277 262 247 231 214 196 178 159 140 120 100 79
39 60 80 100 119 138 156 174 191 208 223 238 253 266 279 291 301 311 320 328 334 340 344 347 349 349 349 347 344 340 334 328 320 311 301 291 279 266 253 238 223 208 191 174 156 138 119 100 80 60
20 40 60 79 98 116 134 151 168 184 200 214 228 241 253 265 275 284 293 300 307 312 316 319 321 321 321 319 316 312 307 300 293 284 275 265 253 241 228 214 200 184 168 151 134 116 98 79 60 40
0 -4 0
0 -4 0
0 -4 0
0 -4 0
0 -4 0
0 -4 0
0 -4 0
0 -4 0
0 -4 0
0 -4 0
0 -4 0
0 -4 0
0 -4 0
0 -4 0
0 -4 0
0 -4 0
0 -4 0
0 -4 0
0 -4 0
0 -4 0
0 -4 0
0 -4 0
0 -4 0
0 -4 0
0 -4 0
0 -4 0
0 0 -4
0 0 -4
0 0 -4
0 0 -4
0 0 -4
0 0 -4
0 0 -4
0 0 -4
0 0 -4
0 0 -4
0 0 -4
0 0 -4
0 0 -4
0 0 -4
0 0 -4
0 0 -4
0 0 -4
0 0 -4
0 0 -4
0 0 -4
0 0 -4
0 0 -4
0 0 -4
0 0 -4
0 0 -4
0 0 -4
0 4 0
0 4 0
0 4 0
0 4 0
0 4 0
0 4 0
0 4 0
0 4 0
0 4 0
0 4 0
0 4 0
0 4 0
0 4 0
0 4 0
0 4 0
0 4 0
0 4 0
0 4 0
0 4 0
0 4 0
0 4 0
0 4 0
0 4 0
0 4 0
0 4 0
0 4 0
0 0 4
0 0 4
0 0 4
0 0 4
0 0 4
0 0 4
0 0 4
0 0 4
0 0 4
0 0 4
0 0 4
0 0 4
0 0 4
0 0 4
0 0 4
0 0 4
0 0 4
0 0 4
0 0 4
0 0 4
0 0 4
0 0 4
0 0 4
0 0 4
0 0 4
0 0 4
1 -4 0
1 -4 0
1 -4 0
1 -4 0
1 -4 0
1 -4 0
1 -4 0
1 -4 0
1 -4 0
1 -4 0
1 -4 0
1 -4 0
1 -4 0
1 -4 0
1 -4 0
1 -4 0
1 -4 0
1 -4 0
1 -4 0
1 -4 0
1 -4 0
1 -4 0
1 -4 0
1 -4 0
1 -4 0
1 -4 0
1 0 -4
1 0 -4
1 0 -4
1 0 -4
1 0 -4
1 0 -4
1 0 -4
1 0 -4
1 0 -4
1 0 -4
1 0 -4
1 0 -4
1 0 -4
1 0 -4
1 0 -4
1 0 -4
1 0 -4
1 0 -4
1 0 -4
1 0 -4
1 0 -4
1 0 -4
1 0 -4
1 0 -4
1 0 -4
1 0 -4
1 4 0
1 4 0
1 4 0
1 4 0
1 4 0
1 4 0
1 4 0
1 4 0
1 4 0
1 4 0
1 4 0
1 4 0
1 4 0
1 4 0
1 4 0
1 4 0
1 4 0
1 4 0
1 4 0
1 4 0
1 4 0
1 4 0
1 4 0
1 4 0
1 4 0
1 4 0
1 0 4
1 0 4
1 0 4
1 0 4
1 0 4
1 0 4
1 0 4
1 0 4
1 0 4
1 0 4
1 0 4
1 0 4
1 0 4
1 0 4
1 0 4
1 0 4
1 0 4
1 0 4
1 0 4
1 0 4
1 0 4
1 0 4
1 0 4
1 0 4
1 0 4
1 0 4
2 -4 0
2 -4 0
2 -4 0
2 -4 0
2 -4 0
2 -4 0
2 -4 0
2 -4 0
2 -4 0
2 -4 0
2 -4 0
2 -4 0
2 -4 0
2 -4 0
2 -4 0
2 -4 0
2 -4 0
2 -4 0
2 -4 0
2 -4 0
2 -4 0
2 -4 0
2 -4 0
2 -4 0
2 -4 0
2 -4 0
2 0 -4
2 0 -4
2 0 -4
2 0 -4
2 0 -4
2 0 -4
2 0 -4
2 0 -4
2 0 -4
2 0 -4
2 0 -4
2 0 -4
2 0 -4
2 0 -4
2 0 -4
2 0 -4
2 0 -4
2 0 -4
2 0 -4
2 0 -4
2 0 -4
2 0 -4
2 0 -4
2 0 -4
2 0 -4
2 0 -4
2 4 0
2 4 0
2 4 0
2 4 0
2 4 0
2 4 0
2 4 0
2 4 0
2 4 0
2 4 0
2 4 0
2 4 0
2 4 0
2 4 0
2 4 0
2 4 0
2 4 0
2 4 0
2 4 0
2 4 0
2 4 0
2 4 0
2 4 0
2 4 0
2 4 0
2 4 0
2 0 4
2 0 4
2 0 4
2 0 4
2 0 4
2 0 4
2 0 4
2 0 4
2 0 4
2 0 4
2 0 4
2 0 4
2 0 4
2 0 4
2 0 4
2 0 4
2 0 4
2 0 4
2 0 4
2 0 4
2 0 4
2 0 4
2 0 4
2 0 4
2 0 4
2 0 4
3 -4 0
3 -4 0
3 -4 0
3 -4 0
3 -4 0
3 -4 0
3 -4 0
3 -4 0
3 -4 0
3 -4 0
3 -4 0
3 -4 0
3 -4 0
3 -4 0
3 -4 0
3 -4 0
3 -4 0
3 -4 0
3 -4 0
3 -4 0
3 -4 0
3 -4 0
3 -4 0
3 -4 0
3 -4 0
3 -4 0
3 0 -4
3 0 -4
3 0 -4
3 0 -4
3 0 -4
3 0 -4
3 0 -4
3 0 -4
3 0 -4
3 0 -4
3 0 -4
3 0 -4
3 0 -4
3 0 -4
3 0 -4
3 0 -4
3 0 -4
3 0 -4
3 0 -4
3 0 -4
3 0 -4
3 0 -4
3 0 -4
3 0 -4
3 0 -4
3 0 -4
3 4 0
3 4 0
3 4 0
3 4 0
3 4 0
3 4 0
3 4 0
3 4 0
3 4 0
3 4 0
3 4 0
3 4 0
3 4 0
3 4 0
3 4 0
3 4 0
3 4 0
3 4 0
3 4 0
3 4 0
3 4 0
3 4 0
3 4 0
3 4 0
3 4 0
3 4 0
3 0 4
3 0 4
3 0 4
3 0 4
3 0 4
3 0 4
3 0 4
3 0 4
3 0 4
3 0 4
3 0 4
3 0 4
3 0 4
3 0 4
3 0 4
3 0 4
3 0 4
3 0 4
3 0 4
3 0 4
3 0 4
3 0 4
3 0 4
3 0 4
3 0 4
3 0 4
4 -4 0
4 -4 0
4 -4 0
4 -4 0
4 -4 0
4 -4 0
4 -4 0
4 -4 0
4 -4 0
4 -4 0
4 -4 0
4 -4 0
4 -4 0
4 -4 0
4 -4 0
4 -4 0
4 -4 0
4 -4 0
4 -4 0
4 -4 0
4 -4 0
4 -4 0
4 -4 0
4 -4 0
4 -4 0
4 -4 0
4 0 -4
4 0 -4
4 0 -4
4 0 -4
4 0 -4
4 0 -4
4 0 -4
4 0 -4
4 0 -4
4 0 -4
4 0 -4
4 0 -4
4 0 -4
4 0 -4
4 0 -4
4 0 -4
4 0 -4
4 0 -4
4 0 -4
4 0 -4
4 0 -4
4 0 -4
4 0 -4
4 0 -4
4 0 -4
4 0 -4
4 4 0
4 4 0
4 4 0
4 4 0
4 4 0
4 4 0
4 4 0
4 4 0
4 4 0
4 4 0
4 4 0
4 4 0
4 4 0
4 4 0
4 4 0
4 4 0
4 4 0
4 4 0
4 4 0
4 4 0
4 4 0
4 4 0
4 4 0
4 4 0
4 4 0
4 4 0
4 0 4
4 0 4
4 0 4
4 0 4
4 0 4
4 0 4
4 0 4
4 0 4
4 0 4
4 0 4
4 0 4
4 0 4
4 0 4
4 0 4
4 0 4
4 0 4
4 0 4
4 0 4
4 0 4
4 0 4
4 0 4
4 0 4
4 0 4
4 0 4
4 0 4
4 0 4
5 -4 0
5 -4 0
5 -4 0
5 -4 0
5 -4 0
5 -4 0
5 -4 0
5 -4 0
5 -4 0
5 -4 0
5 -4 0
5 -4 0
5 -4 0
5 -4 0
5 -4 0
5 -4 0
5 -4 0
5 -4 0
5 -4 0
5 -4 0
5 -4 0
5 -4 0
5 -4 0
5 -4 0
5 -4 0
5 -4 0
5 0 -4
5 0 -4
5 0 -4
5 0 -4
5 0 -4
5 0 -4
5 0 -4
5 0 -4
5 0 -4
5 0 -4
5 0 -4
5 0 -4
5 0 -4
5 0 -4
5 0 -4
5 0 -4
5 0 -4
5 0 -4
5 0 -4
5 0 -4
5 0 -4
5 0 -4
5 0 -4
5 0 -4
5 0 -4
5 0 -4
5 4 0
5 4 0
5 4 0
5 4 0
5 4 0
5 4 0
5 4 0
5 4 0
5 4 0
5 4 0
5 4 0
5 4 0
5 4 0
5 4 0
5 4 0
5 4 0
5 4 0
5 4 0
5 4 0
5 4 0
5 4 0
5 4 0
5 4 0
5 4 0
5 4 0
5 4 0
5 0 4
5 0 4
5 0 4
5 0 4
5 0 4
5 0 4
5 0 4
5 0 4
5 0 4
5 0 4
5 0 4
5 0 4
5 0 4
5 0 4
5 0 4
5 0 4
5 0 4
5 0 4
5 0 4
5 0 4
5 0 4
5 0 4
5 0 4
5 0 4
5 0 4
5 0 4
6 -4 0
6 -4 0
6 -4 0
6 -4 0
6 -4 0
6 -4 0
6 -4 0
6 -4 0
6 -4 0
6 -4 0
6 -4 0
6 -4 0
6 -4 0
6 -4 0
6 -4 0
6 -4 0
6 -4 0
6 -4 0
6 -4 0
6 -4 0
6 -4 0
6 -4 0
6 -4 0
6 -4 0
6 -4 0
6 -4 0
6 0 -4
6 0 -4
6 0 -4
6 0 -4
6 0 -4
6 0 -4
6 0 -4
6 0 -4
6 0 -4
6 0 -4
6 0 -4
6 0 -4
6 0 -4
6 0 -4
6 0 -4
6 0 -4
6 0 -4
6 0 -4
6 0 -4
6 0 -4
6 0 -4
6 0 -4
6 0 -4
6 0 -4
6 0 -4
6 0 -4
6 4 0
6 4 0
6 4 0
6 4 0
6 4 0
6 4 0
6 4 0
6 4 0
6 4 0
6 4 0
6 4 0
6 4 0
6 4 0
6 4 0
6 4 0
6 4 0
6 4 0
6 4 0
6 4 0
6 4 0
6 4 0
6 4 0
6 4 0
6 4 0
6 4 0
6 4 0
6 0 4
6 0 4
6 0 4
6 0 4
6 0 4
6 0 4
6 0 4
6 0 4
6 0 4
6 0 4
6 0 4
6 0 4
6 0 4
6 0 4
6 0 4
6 0 4
6 0 4
6 0 4
6 0 4
6 0 4
6 0 4
6 0 4
6 0 4
6 0 4
6 0 4
6 0 4
7 -4 0
7 -4 0
7 -4 0
7 -4 0
7 -4 0
7 -4 0
7 -4 0
7 -4 0
7 -4 0
7 -4 0
7 -4 0
7 -4 0
7 -4 0
7 -4 0
7 -4 0
7 -4 0
7 -4 0
7 -4 0
7 -4 0
7 -4 0
7 -4 0
7 -4 0
7 -4 0
7 -4 0
7 -4 0
7 -4 0
7 0 -4
7 0 -4
7 0 -4
7 0 -4
7 0 -4
7 0 -4
7 0 -4
7 0 -4
7 0 -4
7 0 -4
7 0 -4
7 0 -4
7 0 -4
7 0 -4
7 0 -4
7 0 -4
7 0 -4
7 0 -4
7 0 -4
7 0 -4
7 0 -4
7 0 -4
7 0 -4
7 0 -4
7 0 -4
7 0 -4
7 4 0
7 4 0
7 4 0
7 4 0
7 4 0
7 4 0
7 4 0
7 4 0
7 4 0
7 4 0
7 4 0
7 4 0
7 4 0
7 4 0
7 4 0
7 4 0
7 4 0
7 4 0
7 4 0
7 4 0
7 4 0
7 4 0
7 4 0
7 4 0
7 4 0
7 4 0
7 0 4
7 0 4
7 0 4
7 0 4
7 0 4
7 0 4
7 0 4
7 0 4
7 0 4
7 0 4
7 0 4
7 0 4
7 0 4
7 0 4
7 0 4
7 0 4
7 0 4
7 0 4
7 0 4
7 0 4
7 0 4
7 0 4
7 0 4
7 0 4
7 0 4
7 0 4
8 -4 0
8 -4 0
8 -4 0
8 -4 0
8 -4 0
8 -4 0
8 -4 0
8 -4 0
8 -4 0
8 -4 0
8 -4 0
8 -4 0
8 -4 0
8 -4 0
8 -4 0
8 -4 0
8 -4 0
8 -4 0
8 -4 0
8 -4 0
8 -4 0
8 -4 0
8 -4 0
8 -4 0
8 -4 0
8 -4 0
8 0 -4
8 0 -4
8 0 -4
8 0 -4
8 0 -4
8 0 -4
8 0 -4
8 0 -4
8 0 -4
8 0 -4
8 0 -4
8 0 -4
8 0 -4
8 0 -4
8 0 -4
8 0 -4
8 0 -4
8 0 -4
8 0 -4
8 0 -4
8 0 -4
8 0 -4
8 0 -4
8 0 -4
8 0 -4
8 0 -4
8 4 0
8 4 0
8 4 0
8 4 0
8 4 0
8 4 0
8 4 0
8 4 0
8 4 0
8 4 0
8 4 0
8 4 0
8 4 0
8 4 0
8 4 0
8 4 0
8 4 0
8 4 0
8 4 0
8 4 0
8 4 0
8 4 0
8 4 0
8 4 0
8 4 0
8 4 0
8 0 4
8 0 4
8 0 4
8 0 4
8 0 4
8 0 4
8 0 4
8 0 4
8 0 4
8 0 4
8 0 4
8 0 4
8 0 4
8 0 4
8 0 4
8 0 4
8 0 4
8 0 4
8 0 4
8 0 4
8 0 4
8 0 4
8 0 4
8 0 4
8 0 4
8 0 4
9 -4 0
9 -4 0
9 -4 0
9 -4 0
9 -4 0
9 -4 0
9 -4 0
9 -4 0
9 -4 0
9 -4 0
9 -4 0
9 -4 0
9 -4 0
9 -4 0
9 -4 0
9 -4 0
9 -4 0
9 -4 0
9 -4 0
9 -4 0
9 -4 0
9 -4 0
9 -4 0
9 -4 0
9 -4 0
9 -4 0
9 0 -4
9 0 -4
9 0 -4
9 0 -4
9 0 -4
9 0 -4
9 0 -4
9 0 -4
9 0 -4
9 0 -4
9 0 -4
9 0 -4
9 0 -4
9 0 -4
9 0 -4
9 0 -4
9 0 -4
9 0 -4
9 0 -4
9 0 -4
9 0 -4
9 0 -4
9 0 -4
9 0 -4
9 0 -4
9 0 -4
9 4 0
9 4 0
9 4 0
9 4 0
9 4 0
9 4 0
9 4 0
9 4 0
9 4 0
9 4 0
9 4 0
9 4 0
9 4 0
9 4 0
9 4 0
9 4 0
9 4 0
9 4 0
9 4 0
9 4 0
9 4 0
9 4 0
9 4 0
9 4 0
9 4 0
9 4 0
9 0 4
9 0 4
9 0 4
9 0 4
9 0 4
9 0 4
9 0 4
9 0 4
9 0 4
9 0 4
9 0 4
9 0 4
9 0 4
9 0 4
9 0 4
9 0 4
9 0 4
9 0 4
9 0 4
9 0 4
9 0 4
9 0 4
9 0 4
9 0 4
9 0 4
9 0 4
10 -4 0
10 -4 0
10 -4 0
10 -4 0
10 -4 0
10 -4 0
10 -4 0
10 -4 0
10 -4 0
10 -4 0
10 -4 0
10 -4 0
10 -4 0
10 -4 0
10 -4 0
10 -4 0
10 -4 0
10 -4 0
10 -4 0
10 -4 0
10 -4 0
10 -4 0
10 -4 0
10 -4 0
10 -4 0
10 -4 0
10 0 -4
10 0 -4
10 0 -4
10 0 -4
10 0 -4
10 0 -4
10 0 -4
10 0 -4
10 0 -4
10 0 -4
10 0 -4
10 0 -4
10 0 -4
10 0 -4
10 0 -4
10 0 -4
10 0 -4
10 0 -4
10 0 -4
10 0 -4
10 0 -4
10 0 -4
10 0 -4
10 0 -4
10 0 -4
10 0 -4
10 4 0
10 4 0
10 4 0
10 4 0
10 4 0
10 4 0
10 4 0
10 4 0
10 4 0
10 4 0
10 4 0
10 4 0
10 4 0
10 4 0
10 4 0
10 4 0
10 4 0
10 4 0
10 4 0
10 4 0
10 4 0
10 4 0
10 4 0
10 4 0
10 4 0
10 4 0
10 0 4
10 0 4
10 0 4
10 0 4
10 0 4
10 0 4
10 0 4
10 0 4
10 0 4
10 0 4
10 0 4
10 0 4
10 0 4
10 0 4
10 0 4
10 0 4
10 0 4
10 0 4
10 0 4
10 0 4
10 0 4
10 0 4
10 0 4
10 0 4
10 0 4
10 0 4
11 -4 0
11 -4 0
11 -4 0
11 -4 0
11 -4 0
11 -4 0
11 -4 0
11 -4 0
11 -4 0
11 -4 0
11 -4 0
11 -4 0
11 -4 0
11 -4 0
11 -4 0
11 -4 0
11 -4 0
11 -4 0
11 -4 0
11 -4 0
11 -4 0
11 -4 0
11 -4 0
11 -4 0
11 -4 0
11 -4 0
11 0 -4
11 0 -4
11 0 -4
11 0 -4
11 0 -4
11 0 -4
11 0 -4
11 0 -4
11 0 -4
11 0 -4
11 0 -4
11 0 -4
11 0 -4
11 0 -4
11 0 -4
11 0 -4
11 0 -4
11 0 -4
11 0 -4
11 0 -4
11 0 -4
11 0 -4
11 0 -4
11 0 -4
11 0 -4
11 0 -4
11 4 0
11 4 0
11 4 0
11 4 0
11 4 0
11 4 0
11 4 0
11 4 0
11 4 0
11 4 0
11 4 0
11 4 0
11 4 0
11 4 0
11 4 0
11 4 0
11 4 0
11 4 0
11 4 0
11 4 0
11 4 0
11 4 0
11 4 0
11 4 0
11 4 0
11 4 0
11 0 4
11 0 4
11 0 4
11 0 4
11 0 4
11 0 4
11 0 4
11 0 4
11 0 4
11 0 4
11 0 4
11 0 4
11 0 4
11 0 4
11 0 4
11 0 4
11 0 4
11 0 4
11 0 4
11 0 4
11 0 4
11 0 4
11 0 4
11 0 4
11 0 4
11 0 4
12 -4 0
12 -4 0
12 -4 0
12 -4 0
12 -4 0
12 -4 0
12 -4 0
12 -4 0
12 -4 0
12 -4 0
12 -4 0
12 -4 0
12 -4 0
12 -4 0
12 -4 0
12 -4 0
12 -4 0
12 -4 0
12 -4 0
12 -4 0
12 -4 0
12 -4 0
12 -4 0
12 -4 0
12 -4 0
12 -4 0
12 0 -4
12 0 -4
12 0 -4
12 0 -4
12 0 -4
12 0 -4
12 0 -4
12 0 -4
12 0 -4
12 0 -4
12 0 -4
12 0 -4
12 0 -4
12 0 -4
12 0 -4
12 0 -4
12 0 -4
12 0 -4
12 0 -4
12 0 -4
12 0 -4
12 0 -4
12 0 -4
12 0 -4
12 0 -4
12 0 -4
12 4 0
12 4 0
12 4 0
12 4 0
12 4 0
12 4 0
12 4 0
12 4 0
12 4 0
12 4 0
12 4 0
12 4 0
12 4 0
12 4 0
12 4 0
12 4 0
12 4 0
12 4 0
12 4 0
12 4 0
12 4 0
12 4 0
12 4 0
12 4 0
12 4 0
12 4 0
12 0 4
12 0 4
12 0 4
12 0 4
12 0 4
12 0 4
12 0 4
12 0 4
12 0 4
12 0 4
12 0 4
12 0 4
12 0 4
12 0 4
12 0 4
12 0 4
12 0 4
12 0 4
12 0 4
12 0 4
12 0 4
12 0 4
12 0 4
12 0 4
12 0 4
12 0 4
13 -4 0
13 -4 0
13 -4 0
13 -4 0
13 -4 0
13 -4 0
13 -4 0
13 -4 0
13 -4 0
13 -4 0
13 -4 0
13 -4 0
13 -4 0
13 -4 0
13 -4 0
13 -4 0
13 -4 0
13 -4 0
13 -4 0
13 -4 0
13 -4 0
13 -4 0
13 -4 0
13 -4 0
13 -4 0
13 -4 0
13 0 -4
13 0 -4
13 0 -4
13 0 -4
13 0 -4
13 0 -4
13 0 -4
13 0 -4
13 0 -4
13 0 -4
13 0 -4
13 0 -4
13 0 -4
13 0 -4
13 0 -4
13 0 -4
13 0 -4
13 0 -4
13 0 -4
13 0 -4
13 0 -4
13 0 -4
13 0 -4
13 0 -4
13 0 -4
13 0 -4
13 4 0
13 4 0
13 4 0
13 4 0
13 4 0
13 4 0
13 4 0
13 4 0
13 4 0
13 4 0
13 4 0
13 4 0
13 4 0
13 4 0
13 4 0
13 4 0
13 4 0
13 4 0
13 4 0
13 4 0
13 4 0
13 4 0
13 4 0
13 4 0
13 4 0
13 4 0
13 0 4
13 0 4
13 0 4
13 0 4
13 0 4
13 0 4
13 0 4
13 0 4
13 0 4
13 0 4
13 0 4
13 0 4
13 0 4
13 0 4
13 0 4
13 0 4
13 0 4
13 0 4
13 0 4
13 0 4
13 0 4
13 0 4
13 0 4
13 0 4
13 0 4
13 0 4
14 -4 0
14 -4 0
14 -4 0
14 -4 0
14 -4 0
14 -4 0
14 -4 0
14 -4 0
14 -4 0
14 -4 0
14 -4 0
14 -4 0
14 -4 0
14 -4 0
14 -4 0
14 -4 0
14 -4 0
14 -4 0
14 -4 0
14 -4 0
14 -4 0
14 -4 0
14 -4 0
14 -4 0
14 -4 0
14 -4 0
14 0 -4
14 0 -4
14 0 -4
14 0 -4
14 0 -4
14 0 -4
14 0 -4
14 0 -4
14 0 -4
14 0 -4
14 0 -4
14 0 -4
14 0 -4
14 0 -4
14 0 -4
14 0 -4
14 0 -4
14 0 -4
14 0 -4
14 0 -4
14 0 -4
14 0 -4
14 0 -4
14 0 -4
14 0 -4
14 0 -4
14 4 0
14 4 0
14 4 0
14 4 0
14 4 0
14 4 0
14 4 0
14 4 0
14 4 0
14 4 0
14 4 0
14 4 0
14 4 0
14 4 0
14 4 0
14 4 0
14 4 0
14 4 0
14 4 0
14 4 0
14 4 0
14 4 0
14 4 0
14 4 0
14 4 0
14 4 0
14 0 4
14 0 4
14 0 4
14 0 4
14 0 4
14 0 4
14 0 4
14 0 4
14 0 4
14 0 4
14 0 4
14 0 4
14 0 4
14 0 4
14 0 4
14 0 4
14 0 4
14 0 4
14 0 4
14 0 4
14 0 4
14 0 4
14 0 4
14 0 4
14 0 4
14 0 4
15 -4 0
15 -4 0
15 -4 0
15 -4 0
15 -4 0
15 -4 0
15 -4 0
15 -4 0
15 -4 0
15 -4 0
15 -4 0
15 -4 0
15 -4 0
15 -4 0
15 -4 0
15 -4 0
15 -4 0
15 -4 0
15 -4 0
15 -4 0
15 -4 0
15 -4 0
15 -4 0
15 -4 0
15 -4 0
15 -4 0
15 0 -4
15 0 -4
15 0 -4
15 0 -4
15 0 -4
15 0 -4
15 0 -4
15 0 -4
15 0 -4
15 0 -4
15 0 -4
15 0 -4
15 0 -4
15 0 -4
15 0 -4
15 0 -4
15 0 -4
15 0 -4
15 0 -4
15 0 -4
15 0 -4
15 0 -4
15 0 -4
15 0 -4
15 0 -4
15 0 -4
15 4 0
15 4 0
15 4 0
15 4 0
15 4 0
15 4 0
15 4 0
15 4 0
15 4 0
15 4 0
15 4 0
15 4 0
15 4 0
15 4 0
15 4 0
15 4 0
15 4 0
15 4 0
15 4 0
15 4 0
15 4 0
15 4 0
15 4 0
15 4 0
15 4 0
15 4 0
15 0 4
15 0 4
15 0 4
15 0 4
15 0 4
15 0 4
15 0 4
15 0 4
15 0 4
15 0 4
15 0 4
15 0 4
15 0 4
15 0 4
15 0 4
15 0 4
15 0 4
15 0 4
15 0 4
15 0 4
15 0 4
15 0 4
15 0 4
15 0 4
15 0 4
15 0 4
16 -4 0
16 -4 0
16 -4 0
16 -4 0
16 -4 0
16 -4 0
16 -4 0
16 -4 0
16 -4 0
16 -4 0
16 -4 0
16 -4 0
16 -4 0
16 -4 0
16 -4 0
16 -4 0
16 -4 0
16 -4 0
16 -4 0
16 -4 0
16 -4 0
16 -4 0
16 -4 0
16 -4 0
16 -4 0
16 -4 0
16 0 -4
16 0 -4
16 0 -4
16 0 -4
16 0 -4
16 0 -4
16 0 -4
16 0 -4
16 0 -4
16 0 -4
16 0 -4
16 0 -4
16 0 -4
16 0 -4
16 0 -4
16 0 -4
16 0 -4
16 0 -4
16 0 -4
16 0 -4
16 0 -4
16 0 -4
16 0 -4
16 0 -4
16 0 -4
16 0 -4
16 4 0
16 4 0
16 4 0
16 4 0
16 4 0
16 4 0
16 4 0
16 4 0
16 4 0
16 4 0
16 4 0
16 4 0
16 4 0
16 4 0
16 4 0
16 4 0
16 4 0
16 4 0
16 4 0
16 4 0
16 4 0
16 4 0
16 4 0
16 4 0
16 4 0
16 4 0
16 0 4
16 0 4
16 0 4
16 0 4
16 0 4
16 0 4
16 0 4
16 0 4
16 0 4
16 0 4
16 0 4
16 0 4
16 0 4
16 0 4
16 0 4
16 0 4
16 0 4
16 0 4
16 0 4
16 0 4
16 0 4
16 0 4
16 0 4
16 0 4
16 0 4
16 0 4
17 -4 0
17 -4 0
17 -4 0
17 -4 0
17 -4 0
17 -4 0
17 -4 0
17 -4 0
17 -4 0
17 -4 0
17 -4 0
17 -4 0
17 -4 0
17 -4 0
17 -4 0
17 -4 0
17 -4 0
17 -4 0
17 -4 0
17 -4 0
17 -4 0
17 -4 0
17 -4 0
17 -4 0
17 -4 0
17 -4 0
17 0 -4
17 0 -4
17 0 -4
17 0 -4
17 0 -4
17 0 -4
17 0 -4
17 0 -4
17 0 -4
17 0 -4
17 0 -4
17 0 -4
17 0 -4
17 0 -4
17 0 -4
17 0 -4
17 0 -4
17 0 -4
17 0 -4
17 0 -4
17 0 -4
17 0 -4
17 0 -4
17 0 -4
17 0 -4
17 0 -4
17 4 0
17 4 0
17 4 0
17 4 0
17 4 0
17 4 0
17 4 0
17 4 0
17 4 0
17 4 0
17 4 0
17 4 0
17 4 0
17 4 0
17 4 0
17 4 0
17 4 0
17 4 0
17 4 0
17 4 0
17 4 0
17 4 0
17 4 0
17 4 0
17 4 0
17 4 0
17 0 4
17 0 4
17 0 4
17 0 4
17 0 4
17 0 4
17 0 4
17 0 4
17 0 4
17 0 4
17 0 4
17 0 4
17 0 4
17 0 4
17 0 4
17 0 4
17 0 4
17 0 4
17 0 4
17 0 4
17 0 4
17 0 4
17 0 4
17 0 4
17 0 4
17 0 4
18 -4 0
18 -4 0
18 -4 0
18 -4 0
18 -4 0
18 -4 0
18 -4 0
18 -4 0
18 -4 0
18 -4 0
18 -4 0
18 -4 0
18 -4 0
18 -4 0
18 -4 0
18 -4 0
18 -4 0
18 -4 0
18 -4 0
18 -4 0
18 -4 0
18 -4 0
18 -4 0
18 -4 0
18 -4 0
18 -4 0
18 0 -4
18 0 -4
18 0 -4
18 0 -4
18 0 -4
18 0 -4
18 0 -4
18 0 -4
18 0 -4
18 0 -4
18 0 -4
18 0 -4
18 0 -4
18 0 -4
18 0 -4
18 0 -4
18 0 -4
18 0 -4
18 0 -4
18 0 -4
18 0 -4
18 0 -4
18 0 -4
18 0 -4
18 0 -4
18 0 -4
18 4 0
18 4 0
18 4 0
18 4 0
18 4 0
18 4 0
18 4 0
18 4 0
18 4 0
18 4 0
18 4 0
18 4 0
18 4 0
18 4 0
18 4 0
18 4 0
18 4 0
18 4 0
18 4 0
18 4 0
18 4 0
18 4 0
18 4 0
18 4 0
18 4 0
18 4 0
18 0 4
18 0 4
18 0 4
18 0 4
18 0 4
18 0 4
18 0 4
18 0 4
18 0 4
18 0 4
18 0 4
18 0 4
18 0 4
18 0 4
18 0 4
18 0 4
18 0 4
18 0 4
18 0 4
18 0 4
18 0 4
18 0 4
18 0 4
18 0 4
18 0 4
18 0 4
19 -4 0
19 -4 0
19 -4 0
19 -4 0
19 -4 0
19 -4 0
19 -4 0
19 -4 0
19 -4 0
19 -4 0
19 -4 0
19 -4 0
19 -4 0
19 -4 0
19 -4 0
19 -4 0
19 -4 0
19 -4 0
19 -4 0
19 -4 0
19 -4 0
19 -4 0
19 -4 0
19 -4 0
19 -4 0
19 -4 0
19 0 -4
19 0 -4
19 0 -4
19 0 -4
19 0 -4
19 0 -4
19 0 -4
19 0 -4
19 0 -4
19 0 -4
19 0 -4
19 0 -4
19 0 -4
19 0 -4
19 0 -4
19 0 -4
19 0 -4
19 0 -4
19 0 -4
19 0 -4
19 0 -4
19 0 -4
19 0 -4
19 0 -4
19 0 -4
19 0 -4
19 4 0
19 4 0
19 4 0
19 4 0
19 4 0
19 4 0
19 4 0
19 4 0
19 4 0
19 4 0
19 4 0
19 4 0
19 4 0
19 4 0
19 4 0
19 4 0
19 4 0
19 4 0
19 4 0
19 4 0
19 4 0
19 4 0
19 4 0
19 4 0
19 4 0
19 4 0
19 0 4
19 0 4
19 0 4
19 0 4
19 0 4
19 0 4
19 0 4
19 0 4
19 0 4
19 0 4
19 0 4
19 0 4
19 0 4
19 0 4
19 0 4
19 0 4
19 0 4
19 0 4
19 0 4
19 0 4
19 0 4
19 0 4
19 0 4
19 0 4
19 0 4
19 0 4
20 -4 0
20 -4 0
20 -4 0
20 -4 0
20 -4 0
20 -4 0
20 -4 0
20 -4 0
20 -4 0
20 -4 0
20 -4 0
20 -4 0
20 -4 0
20 -4 0
20 -4 0
20 -4 0
20 -4 0
20 -4 0
20 -4 0
20 -4 0
20 -4 0
20 -4 0
20 -4 0
20 -4 0
20 -4 0
20 -4 0
20 0 -4
20 0 -4
20 0 -4
20 0 -4
20 0 -4
20 0 -4
20 0 -4
20 0 -4
20 0 -4
20 0 -4
20 0 -4
20 0 -4
20 0 -4
20 0 -4
20 0 -4
20 0 -4
20 0 -4
20 0 -4
20 0 -4
20 0 -4
20 0 -4
20 0 -4
20 0 -4
20 0 -4
20 0 -4
20 0 -4
20 4 0
20 4 0
20 4 0
20 4 0
20 4 0
20 4 0
20 4 0
20 4 0
20 4 0
20 4 0
20 4 0
20 4 0
20 4 0
20 4 0
20 4 0
20 4 0
20 4 0
20 4 0
20 4 0
20 4 0
20 4 0
20 4 0
20 4 0
20 4 0
20 4 0
20 4 0
20 0 4
20 0 4
20 0 4
20 0 4
20 0 4
20 0 4
20 0 4
20 0 4
20 0 4
20 0 4
20 0 4
20 0 4
20 0 4
20 0 4
20 0 4
20 0 4
20 0 4
20 0 4
20 0 4
20 0 4
20 0 4
20 0 4
20 0 4
20 0 4
20 0 4
20 0 4
21 -4 0
21 -4 0
21 -4 0
21 -4 0
21 -4 0
21 -4 0
21 -4 0
21 -4 0
21 -4 0
21 -4 0
21 -4 0
21 -4 0
21 -4 0
21 -4 0
21 -4 0
21 -4 0
21 -4 0
21 -4 0
21 -4 0
21 -4 0
21 -4 0
21 -4 0
21 -4 0
21 -4 0
21 -4 0
21 -4 0
21 0 -4
21 0 -4
21 0 -4
21 0 -4
21 0 -4
21 0 -4
21 0 -4
21 0 -4
21 0 -4
21 0 -4
21 0 -4
21 0 -4
21 0 -4
21 0 -4
21 0 -4
21 0 -4
21 0 -4
21 0 -4
21 0 -4
21 0 -4
21 0 -4
21 0 -4
21 0 -4
21 0 -4
21 0 -4
21 0 -4
21 4 0
21 4 0
21 4 0
21 4 0
21 4 0
21 4 0
21 4 0
21 4 0
21 4 0
21 4 0
21 4 0
21 4 0
21 4 0
21 4 0
21 4 0
21 4 0
21 4 0
21 4 0
21 4 0
21 4 0
21 4 0
21 4 0
21 4 0
21 4 0
21 4 0
21 4 0
21 0 4
21 0 4
21 0 4
21 0 4
21 0 4
21 0 4
21 0 4
21 0 4
21 0 4
21 0 4
21 0 4
21 0 4
21 0 4
21 0 4
21 0 4
21 0 4
21 0 4
21 0 4
21 0 4
21 0 4
21 0 4
21 0 4
21 0 4
21 0 4
21 0 4
21 0 4
22 -4 0
22 -4 0
22 -4 0
22 -4 0
22 -4 0
22 -4 0
22 -4 0
22 -4 0
22 -4 0
22 -4 0
22 -4 0
22 -4 0
22 -4 0
22 -4 0
22 -4 0
22 -4 0
22 -4 0
22 -4 0
22 -4 0
22 -4 0
22 -4 0
22 -4 0
22 -4 0
22 -4 0
22 -4 0
22 -4 0
22 0 -4
22 0 -4
22 0 -4
22 0 -4
22 0 -4
22 0 -4
22 0 -4
22 0 -4
22 0 -4
22 0 -4
22 0 -4
22 0 -4
22 0 -4
22 0 -4
22 0 -4
22 0 -4
22 0 -4
22 0 -4
22 0 -4
22 0 -4
22 0 -4
22 0 -4
22 0 -4
22 0 -4
22 0 -4
22 0 -4
22 4 0
22 4 0
22 4 0
22 4 0
22 4 0
22 4 0
22 4 0
22 4 0
22 4 0
22 4 0
22 4 0
22 4 0
22 4 0
22 4 0
22 4 0
22 4 0
22 4 0
22 4 0
22 4 0
22 4 0
22 4 0
22 4 0
22 4 0
22 4 0
22 4 0
22 4 0
22 0 4
22 0 4
22 0 4
22 0 4
22 0 4
22 0 4
22 0 4
22 0 4
22 0 4
22 0 4
22 0 4
22 0 4
22 0 4
22 0 4
22 0 4
22 0 4
22 0 4
22 0 4
22 0 4
22 0 4
22 0 4
22 0 4
22 0 4
22 0 4
22 0 4
22 0 4
23 -4 0
23 -4 0
23 -4 0
23 -4 0
23 -4 0
23 -4 0
23 -4 0
23 -4 0
23 -4 0
23 -4 0
23 -4 0
23 -4 0
23 -4 0
23 -4 0
23 -4 0
23 -4 0
23 -4 0
23 -4 0
23 -4 0
23 -4 0
23 -4 0
23 -4 0
23 -4 0
23 -4 0
23 -4 0
23 -4 0
23 0 -4
23 0 -4
23 0 -4
23 0 -4
23 0 -4
23 0 -4
23 0 -4
23 0 -4
23 0 -4
23 0 -4
23 0 -4
23 0 -4
23 0 -4
23 0 -4
23 0 -4
23 0 -4
23 0 -4
23 0 -4
23 0 -4
23 0 -4
23 0 -4
23 0 -4
23 0 -4
23 0 -4
23 0 -4
23 0 -4
23 4 0
23 4 0
23 4 0
23 4 0
23 4 0
23 4 0
23 4 0
23 4 0
23 4 0
23 4 0
23 4 0
23 4 0
23 4 0
23 4 0
23 4 0
23 4 0
23 4 0
23 4 0
23 4 0
23 4 0
23 4 0
23 4 0
23 4 0
23 4 0
23 4 0
23 4 0
23 0 4
23 0 4
23 0 4
23 0 4
23 0 4
23 0 4
23 0 4
23 0 4
23 0 4
23 0 4
23 0 4
23 0 4
23 0 4
23 0 4
23 0 4
23 0 4
23 0 4
23 0 4
23 0 4
23 0 4
23 0 4
23 0 4
23 0 4
23 0 4
23 0 4
23 0 4
24 -4 0
24 -4 0
24 -4 0
24 -4 0
24 -4 0
24 -4 0
24 -4 0
24 -4 0
24 -4 0
24 -4 0
24 -4 0
24 -4 0
24 -4 0
24 -4 0
24 -4 0
24 -4 0
24 -4 0
24 -4 0
24 -4 0
24 -4 0
24 -4 0
24 -4 0
24 -4 0
24 -4 0
24 -4 0
24 -4 0
24 0 -4
24 0 -4
24 0 -4
24 0 -4
24 0 -4
24 0 -4
24 0 -4
24 0 -4
24 0 -4
24 0 -4
24 0 -4
24 0 -4
24 0 -4
24 0 -4
24 0 -4
24 0 -4
24 0 -4
24 0 -4
24 0 -4
24 0 -4
24 0 -4
24 0 -4
24 0 -4
24 0 -4
24 0 -4
24 0 -4
24 4 0
24 4 0
24 4 0
24 4 0
24 4 0
24 4 0
24 4 0
24 4 0
24 4 0
24 4 0
24 4 0
24 4 0
24 4 0
24 4 0
24 4 0
24 4 0
24 4 0
24 4 0
24 4 0
24 4 0
24 4 0
24 4 0
24 4 0
24 4 0
24 4 0
24 4 0
24 0 4
24 0 4
24 0 4
24 0 4
24 0 4
24 0 4
24 0 4
24 0 4
24 0 4
24 0 4
24 0 4
24 0 4
24 0 4
24 0 4
24 0 4
24 0 4
24 0 4
24 0 4
24 0 4
24 0 4
24 0 4
24 0 4
24 0 4
24 0 4
24 0 4
24 0 4
25 -4 0
25 -4 0
25 -4 0
25 -4 0
25 -4 0
25 -4 0
25 -4 0
25 -4 0
25 -4 0
25 -4 0
25 -4 0
25 -4 0
25 -4 0
25 -4 0
25 -4 0
25 -4 0
25 -4 0
25 -4 0
25 -4 0
25 -4 0
25 -4 0
25 -4 0
25 -4 0
25 -4 0
25 -4 0
25 -4 0
25 0 -4
25 0 -4
25 0 -4
25 0 -4
25 0 -4
25 0 -4
25 0 -4
25 0 -4
25 0 -4
25 0 -4
25 0 -4
25 0 -4
25 0 -4
25 0 -4
25 0 -4
25 0 -4
25 0 -4
25 0 -4
25 0 -4
25 0 -4
25 0 -4
25 0 -4
25 0 -4
25 0 -4
25 0 -4
25 0 -4
25 4 0
25 4 0
25 4 0
25 4 0
25 4 0
25 4 0
25 4 0
25 4 0
25 4 0
25 4 0
25 4 0
25 4 0
25 4 0
25 4 0
25 4 0
25 4 0
25 4 0
25 4 0
25 4 0
25 4 0
25 4 0
25 4 0
25 4 0
25 4 0
25 4 0
25 4 0
25 0 4
25 0 4
25 0 4
25 0 4
25 0 4
25 0 4
25 0 4
25 0 4
25 0 4
25 0 4
25 0 4
25 0 4
25 0 4
25 0 4
25 0 4
25 0 4
25 0 4
25 0 4
25 0 4
25 0 4
25 0 4
25 0 4
25 0 4
25 0 4
25 0 4
25 0 4
26 -4 0
26 -4 0
26 -4 0
26 -4 0
26 -4 0
26 -4 0
26 -4 0
26 -4 0
26 -4 0
26 -4 0
26 -4 0
26 -4 0
26 -4 0
26 -4 0
26 -4 0
26 -4 0
26 -4 0
26 -4 0
26 -4 0
26 -4 0
26 -4 0
26 -4 0
26 -4 0
26 -4 0
26 -4 0
26 -4 0
26 0 -4
26 0 -4
26 0 -4
26 0 -4
26 0 -4
26 0 -4
26 0 -4
26 0 -4
26 0 -4
26 0 -4
26 0 -4
26 0 -4
26 0 -4
26 0 -4
26 0 -4
26 0 -4
26 0 -4
26 0 -4
26 0 -4
26 0 -4
26 0 -4
26 0 -4
26 0 -4
26 0 -4
26 0 -4
26 0 -4
26 4 0
26 4 0
26 4 0
26 4 0
26 4 0
26 4 0
26 4 0
26 4 0
26 4 0
26 4 0
26 4 0
26 4 0
26 4 0
26 4 0
26 4 0
26 4 0
26 4 0
26 4 0
26 4 0
26 4 0
26 4 0
26 4 0
26 4 0
26 4 0
26 4 0
26 4 0
26 0 4
26 0 4
26 0 4
26 0 4
26 0 4
26 0 4
26 0 4
26 0 4
26 0 4
26 0 4
26 0 4
26 0 4
26 0 4
26 0 4
26 0 4
26 0 4
26 0 4
26 0 4
26 0 4
26 0 4
26 0 4
26 0 4
26 0 4
26 0 4
26 0 4
26 0 4
27 -4 0
27 -4 0
27 -4 0
27 -4 0
27 -4 0
27 -4 0
27 -4 0
27 -4 0
27 -4 0
27 -4 0
27 -4 0
27 -4 0
27 -4 0
27 -4 0
27 -4 0
27 -4 0
27 -4 0
27 -4 0
27 -4 0
27 -4 0
27 -4 0
27 -4 0
27 -4 0
27 -4 0
27 -4 0
27 -4 0
27 0 -4
27 0 -4
27 0 -4
27 0 -4
27 0 -4
27 0 -4
27 0 -4
27 0 -4
27 0 -4
27 0 -4
27 0 -4
27 0 -4
27 0 -4
27 0 -4
27 0 -4
27 0 -4
27 0 -4
27 0 -4
27 0 -4
27 0 -4
27 0 -4
27 0 -4
27 0 -4
27 0 -4
27 0 -4
27 0 -4
27 4 0
27 4 0
27 4 0
27 4 0
27 4 0
27 4 0
27 4 0
27 4 0
27 4 0
27 4 0
27 4 0
27 4 0
27 4 0
27 4 0
27 4 0
27 4 0
27 4 0
27 4 0
27 4 0
27 4 0
27 4 0
27 4 0
27 4 0
27 4 0
27 4 0
27 4 0
27 0 4
27 0 4
27 0 4
27 0 4
27 0 4
27 0 4
27 0 4
27 0 4
27 0 4
27 0 4
27 0 4
27 0 4
27 0 4
27 0 4
27 0 4
27 0 4
27 0 4
27 0 4
27 0 4
27 0 4
27 0 4
27 0 4
27 0 4
27 0 4
27 0 4
27 0 4
28 -4 0
28 -4 0
28 -4 0
28 -4 0
28 -4 0
28 -4 0
28 -4 0
28 -4 0
28 -4 0
28 -4 0
28 -4 0
28 -4 0
28 -4 0
28 -4 0
28 -4 0
28 -4 0
28 -4 0
28 -4 0
28 -4 0
28 -4 0
28 -4 0
28 -4 0
28 -4 0
28 -4 0
28 -4 0
28 -4 0
28 0 -4
28 0 -4
28 0 -4
28 0 -4
28 0 -4
28 0 -4
28 0 -4
28 0 -4
28 0 -4
28 0 -4
28 0 -4
28 0 -4
28 0 -4
28 0 -4
28 0 -4
28 0 -4
28 0 -4
28 0 -4
28 0 -4
28 0 -4
28 0 -4
28 0 -4
28 0 -4
28 0 -4
28 0 -4
28 0 -4
28 4 0
28 4 0
28 4 0
28 4 0
28 4 0
28 4 0
28 4 0
28 4 0
28 4 0
28 4 0
28 4 0
28 4 0
28 4 0
28 4 0
28 4 0
28 4 0
28 4 0
28 4 0
28 4 0
28 4 0
28 4 0
28 4 0
28 4 0
28 4 0
28 4 0
28 4 0
28 0 4
28 0 4
28 0 4
28 0 4
28 0 4
28 0 4
28 0 4
28 0 4
28 0 4
28 0 4
28 0 4
28 0 4
28 0 4
28 0 4
28 0 4
28 0 4
28 0 4
28 0 4
28 0 4
28 0 4
28 0 4
28 0 4
28 0 4
28 0 4
28 0 4
28 0 4
29 -4 0
29 -4 0
29 -4 0
29 -4 0
29 -4 0
29 -4 0
29 -4 0
29 -4 0
29 -4 0
29 -4 0
29 -4 0
29 -4 0
29 -4 0
29 -4 0
29 -4 0
29 -4 0
29 -4 0
29 -4 0
29 -4 0
29 -4 0
29 -4 0
29 -4 0
29 -4 0
29 -4 0
29 -4 0
29 -4 0
29 0 -4
29 0 -4
29 0 -4
29 0 -4
29 0 -4
29 0 -4
29 0 -4
29 0 -4
29 0 -4
29 0 -4
29 0 -4
29 0 -4
29 0 -4
29 0 -4
29 0 -4
29 0 -4
29 0 -4
29 0 -4
29 0 -4
29 0 -4
29 0 -4
29 0 -4
29 0 -4
29 0 -4
29 0 -4
29 0 -4
29 4 0
29 4 0
29 4 0
29 4 0
29 4 0
29 4 0
29 4 0
29 4 0
29 4 0
29 4 0
29 4 0
29 4 0
29 4 0
29 4 0
29 4 0
29 4 0
29 4 0
29 4 0
29 4 0
29 4 0
29 4 0
29 4 0
29 4 0
29 4 0
29 4 0
29 4 0
29 0 4
29 0 4
29 0 4
29 0 4
29 0 4
29 0 4
29 0 4
29 0 4
29 0 4
29 0 4
29 0 4
29 0 4
29 0 4
29 0 4
29 0 4
29 0 4
29 0 4
29 0 4
29 0 4
29 0 4
29 0 4
29 0 4
29 0 4
29 0 4
29 0 4
29 0 4
30 -4 0
30 -4 0
30 -4 0
30 -4 0
30 -4 0
30 -4 0
30 -4 0
30 -4 0
30 -4 0
30 -4 0
30 -4 0
30 -4 0
30 -4 0
30 -4 0
30 -4 0
30 -4 0
30 -4 0
30 -4 0
30 -4 0
30 -4 0
30 -4 0
30 -4 0
30 -4 0
30 -4 0
30 -4 0
30 -4 0
30 0 -4
30 0 -4
30 0 -4
30 0 -4
30 0 -4
30 0 -4
30 0 -4
30 0 -4
30 0 -4
30 0 -4
30 0 -4
30 0 -4
30 0 -4
30 0 -4
30 0 -4
30 0 -4
30 0 -4
30 0 -4
30 0 -4
30 0 -4
30 0 -4
30 0 -4
30 0 -4
30 0 -4
30 0 -4
30 0 -4
30 4 0
30 4 0
30 4 0
30 4 0
30 4 0
30 4 0
30 4 0
30 4 0
30 4 0
30 4 0
30 4 0
30 4 0
30 4 0
30 4 0
30 4 0
30 4 0
30 4 0
30 4 0
30 4 0
30 4 0
30 4 0
30 4 0
30 4 0
30 4 0
30 4 0
30 4 0
30 0 4
30 0 4
30 0 4
30 0 4
30 0 4
30 0 4
30 0 4
30 0 4
30 0 4
30 0 4
30 0 4
30 0 4
30 0 4
30 0 4
30 0 4
30 0 4
30 0 4
30 0 4
30 0 4
30 0 4
30 0 4
30 0 4
30 0 4
30 0 4
30 0 4
30 0 4
31 -4 0
31 -4 0
31 -4 0
31 -4 0
31 -4 0
31 -4 0
31 -4 0
31 -4 0
31 -4 0
31 -4 0
31 -4 0
31 -4 0
31 -4 0
31 -4 0
31 -4 0
31 -4 0
31 -4 0
31 -4 0
31 -4 0
31 -4 0
31 -4 0
31 -4 0
31 -4 0
31 -4 0
31 -4 0
31 -4 0
31 0 -4
31 0 -4
31 0 -4
31 0 -4
31 0 -4
31 0 -4
31 0 -4
31 0 -4
31 0 -4
31 0 -4
31 0 -4
31 0 -4
31 0 -4
31 0 -4
31 0 -4
31 0 -4
31 0 -4
31 0 -4
31 0 -4
31 0 -4
31 0 -4
31 0 -4
31 0 -4
31 0 -4
31 0 -4
31 0 -4
31 4 0
31 4 0
31 4 0
31 4 0
31 4 0
31 4 0
31 4 0
31 4 0
31 4 0
31 4 0
31 4 0
31 4 0
31 4 0
31 4 0
31 4 0
31 4 0
31 4 0
31 4 0
31 4 0
31 4 0
31 4 0
31 4 0
31 4 0
31 4 0
31 4 0
31 4 0
31 0 4
31 0 4
31 0 4
31 0 4
31 0 4
31 0 4
31 0 4
31 0 4
31 0 4
31 0 4
31 0 4
31 0 4
31 0 4
31 0 4
31 0 4
31 0 4
31 0 4
31 0 4
31 0 4
31 0 4
31 0 4
31 0 4
31 0 4
31 0 4
31 0 4
31 0 4
32 -4 0
32 -4 0
32 -4 0
32 -4 0
32 -4 0
32 -4 0
32 -4 0
32 -4 0
32 -4 0
32 -4 0
32 -4 0
32 -4 0
32 -4 0
32 -4 0
32 -4 0
32 -4 0
32 -4 0
32 -4 0
32 -4 0
32 -4 0
32 -4 0
32 -4 0
32 -4 0
32 -4 0
32 -4 0
32 -4 0
32 0 -4
32 0 -4
32 0 -4
32 0 -4
32 0 -4
32 0 -4
32 0 -4
32 0 -4
32 0 -4
32 0 -4
32 0 -4
32 0 -4
32 0 -4
32 0 -4
32 0 -4
32 0 -4
32 0 -4
32 0 -4
32 0 -4
32 0 -4
32 0 -4
32 0 -4
32 0 -4
32 0 -4
32 0 -4
32 0 -4
32 4 0
32 4 0
32 4 0
32 4 0
32 4 0
32 4 0
32 4 0
32 4 0
32 4 0
32 4 0
32 4 0
32 4 0
32 4 0
32 4 0
32 4 0
32 4 0
32 4 0
32 4 0
32 4 0
32 4 0
32 4 0
32 4 0
32 4 0
32 4 0
32 4 0
32 4 0
32 0 4
32 0 4
32 0 4
32 0 4
32 0 4
32 0 4
32 0 4
32 0 4
32 0 4
32 0 4
32 0 4
32 0 4
32 0 4
32 0 4
32 0 4
32 0 4
32 0 4
32 0 4
32 0 4
32 0 4
32 0 4
32 0 4
32 0 4
32 0 4
32 0 4
32 0 4
33 -4 0
33 -4 0
33 -4 0
33 -4 0
33 -4 0
33 -4 0
33 -4 0
33 -4 0
33 -4 0
33 -4 0
33 -4 0
33 -4 0
33 -4 0
33 -4 0
33 -4 0
33 -4 0
33 -4 0
33 -4 0
33 -4 0
33 -4 0
33 -4 0
33 -4 0
33 -4 0
33 -4 0
33 -4 0
33 -4 0
33 0 -4
33 0 -4
33 0 -4
33 0 -4
33 0 -4
33 0 -4
33 0 -4
33 0 -4
33 0 -4
33 0 -4
33 0 -4
33 0 -4
33 0 -4
33 0 -4
33 0 -4
33 0 -4
33 0 -4
33 0 -4
33 0 -4
33 0 -4
33 0 -4
33 0 -4
33 0 -4
33 0 -4
33 0 -4
33 0 -4
33 4 0
33 4 0
33 4 0
33 4 0
33 4 0
33 4 0
33 4 0
33 4 0
33 4 0
33 4 0
33 4 0
33 4 0
33 4 0
33 4 0
33 4 0
33 4 0
33 4 0
33 4 0
33 4 0
33 4 0
33 4 0
33 4 0
33 4 0
33 4 0
33 4 0
33 4 0
33 0 4
33 0 4
33 0 4
33 0 4
33 0 4
33 0 4
33 0 4
33 0 4
33 0 4
33 0 4
33 0 4
33 0 4
33 0 4
33 0 4
33 0 4
33 0 4
33 0 4
33 0 4
33 0 4
33 0 4
33 0 4
33 0 4
33 0 4
33 0 4
33 0 4
33 0 4
34 -4 0
34 -4 0
34 -4 0
34 -4 0
34 -4 0
34 -4 0
34 -4 0
34 -4 0
34 -4 0
34 -4 0
34 -4 0
34 -4 0
34 -4 0
34 -4 0
34 -4 0
34 -4 0
34 -4 0
34 -4 0
34 -4 0
34 -4 0
34 -4 0
34 -4 0
34 -4 0
34 -4 0
34 -4 0
34 -4 0
34 0 -4
34 0 -4
34 0 -4
34 0 -4
34 0 -4
34 0 -4
34 0 -4
34 0 -4
34 0 -4
34 0 -4
34 0 -4
34 0 -4
34 0 -4
34 0 -4
34 0 -4
34 0 -4
34 0 -4
34 0 -4
34 0 -4
34 0 -4
34 0 -4
34 0 -4
34 0 -4
34 0 -4
34 0 -4
34 0 -4
34 4 0
34 4 0
34 4 0
34 4 0
34 4 0
34 4 0
34 4 0
34 4 0
34 4 0
34 4 0
34 4 0
34 4 0
34 4 0
34 4 0
34 4 0
34 4 0
34 4 0
34 4 0
34 4 0
34 4 0
34 4 0
34 4 0
34 4 0
34 4 0
34 4 0
34 4 0
34 0 4
34 0 4
34 0 4
34 0 4
34 0 4
34 0 4
34 0 4
34 0 4
34 0 4
34 0 4
34 0 4
34 0 4
34 0 4
34 0 4
34 0 4
34 0 4
34 0 4
34 0 4
34 0 4
34 0 4
34 0 4
34 0 4
34 0 4
34 0 4
34 0 4
34 0 4
35 -4 0
35 -4 0
35 -4 0
35 -4 0
35 -4 0
35 -4 0
35 -4 0
35 -4 0
35 -4 0
35 -4 0
35 -4 0
35 -4 0
35 -4 0
35 -4 0
35 -4 0
35 -4 0
35 -4 0
35 -4 0
35 -4 0
35 -4 0
35 -4 0
35 -4 0
35 -4 0
35 -4 0
35 -4 0
35 -4 0
35 0 -4
35 0 -4
35 0 -4
35 0 -4
35 0 -4
35 0 -4
35 0 -4
35 0 -4
35 0 -4
35 0 -4
35 0 -4
35 0 -4
35 0 -4
35 0 -4
35 0 -4
35 0 -4
35 0 -4
35 0 -4
35 0 -4
35 0 -4
35 0 -4
35 0 -4
35 0 -4
35 0 -4
35 0 -4
35 0 -4
35 4 0
35 4 0
35 4 0
35 4 0
35 4 0
35 4 0
35 4 0
35 4 0
35 4 0
35 4 0
35 4 0
35 4 0
35 4 0
35 4 0
35 4 0
35 4 0
35 4 0
35 4 0
35 4 0
35 4 0
35 4 0
35 4 0
35 4 0
35 4 0
35 4 0
35 4 0
35 0 4
35 0 4
35 0 4
35 0 4
35 0 4
35 0 4
35 0 4
35 0 4
35 0 4
35 0 4
35 0 4
35 0 4
35 0 4
35 0 4
35 0 4
35 0 4
35 0 4
35 0 4
35 0 4
35 0 4
35 0 4
35 0 4
35 0 4
35 0 4
35 0 4
35 0 4
36 -4 0
36 -4 0
36 -4 0
36 -4 0
36 -4 0
36 -4 0
36 -4 0
36 -4 0
36 -4 0
36 -4 0
36 -4 0
36 -4 0
36 -4 0
36 -4 0
36 -4 0
36 -4 0
36 -4 0
36 -4 0
36 -4 0
36 -4 0
36 -4 0
36 -4 0
36 -4 0
36 -4 0
36 -4 0
36 -4 0
36 0 -4
36 0 -4
36 0 -4
36 0 -4
36 0 -4
36 0 -4
36 0 -4
36 0 -4
36 0 -4
36 0 -4
36 0 -4
36 0 -4
36 0 -4
36 0 -4
36 0 -4
36 0 -4
36 0 -4
36 0 -4
36 0 -4
36 0 -4
36 0 -4
36 0 -4
36 0 -4
36 0 -4
36 0 -4
36 0 -4
36 4 0
36 4 0
36 4 0
36 4 0
36 4 0
36 4 0
36 4 0
36 4 0
36 4 0
36 4 0
36 4 0
36 4 0
36 4 0
36 4 0
36 4 0
36 4 0
36 4 0
36 4 0
36 4 0
36 4 0
36 4 0
36 4 0
36 4 0
36 4 0
36 4 0
36 4 0
36 0 4
36 0 4
36 0 4
36 0 4
36 0 4
36 0 4
36 0 4
36 0 4
36 0 4
36 0 4
36 0 4
36 0 4
36 0 4
36 0 4
36 0 4
36 0 4
36 0 4
36 0 4
36 0 4
36 0 4
36 0 4
36 0 4
36 0 4
36 0 4
36 0 4
36 0 4
37 -4 0
37 -4 0
37 -4 0
37 -4 0
37 -4 0
37 -4 0
37 -4 0
37 -4 0
37 -4 0
37 -4 0
37 -4 0
37 -4 0
37 -4 0
37 -4 0
37 -4 0
37 -4 0
37 -4 0
37 -4 0
37 -4 0
37 -4 0
37 -4 0
37 -4 0
37 -4 0
37 -4 0
37 -4 0
37 -4 0
37 0 -4
37 0 -4
37 0 -4
37 0 -4
37 0 -4
37 0 -4
37 0 -4
37 0 -4
37 0 -4
37 0 -4
37 0 -4
37 0 -4
37 0 -4
37 0 -4
37 0 -4
37 0 -4
37 0 -4
37 0 -4
37 0 -4
37 0 -4
37 0 -4
37 0 -4
37 0 -4
37 0 -4
37 0 -4
37 0 -4
37 4 0
37 4 0
37 4 0
37 4 0
37 4 0
37 4 0
37 4 0
37 4 0
37 4 0
37 4 0
37 4 0
37 4 0
37 4 0
37 4 0
37 4 0
37 4 0
37 4 0
37 4 0
37 4 0
37 4 0
37 4 0
37 4 0
37 4 0
37 4 0
37 4 0
37 4 0
37 0 4
37 0 4
37 0 4
37 0 4
37 0 4
37 0 4
37 0 4
37 0 4
37 0 4
37 0 4
37 0 4
37 0 4
37 0 4
37 0 4
37 0 4
37 0 4
37 0 4
37 0 4
37 0 4
37 0 4
37 0 4
37 0 4
37 0 4
37 0 4
37 0 4
37 0 4
38 -4 0
38 -4 0
38 -4 0
38 -4 0
38 -4 0
38 -4 0
38 -4 0
38 -4 0
38 -4 0
38 -4 0
38 -4 0
38 -4 0
38 -4 0
38 -4 0
38 -4 0
38 -4 0
38 -4 0
38 -4 0
38 -4 0
38 -4 0
38 -4 0
38 -4 0
38 -4 0
38 -4 0
38 -4 0
38 -4 0
38 0 -4
38 0 -4
38 0 -4
38 0 -4
38 0 -4
38 0 -4
38 0 -4
38 0 -4
38 0 -4
38 0 -4
38 0 -4
38 0 -4
38 0 -4
38 0 -4
38 0 -4
38 0 -4
38 0 -4
38 0 -4
38 0 -4
38 0 -4
38 0 -4
38 0 -4
38 0 -4
38 0 -4
38 0 -4
38 0 -4
38 4 0
38 4 0
38 4 0
38 4 0
38 4 0
38 4 0
38 4 0
38 4 0
38 4 0
38 4 0
38 4 0
38 4 0
38 4 0
38 4 0
38 4 0
38 4 0
38 4 0
38 4 0
38 4 0
38 4 0
38 4 0
38 4 0
38 4 0
38 4 0
38 4 0
38 4 0
38 0 4
38 0 4
38 0 4
38 0 4
38 0 4
38 0 4
38 0 4
38 0 4
38 0 4
38 0 4
38 0 4
38 0 4
38 0 4
38 0 4
38 0 4
38 0 4
38 0 4
38 0 4
38 0 4
38 0 4
38 0 4
38 0 4
38 0 4
38 0 4
38 0 4
38 0 4
39 -4 0
39 -4 0
39 -4 0
39 -4 0
39 -4 0
39 -4 0
39 -4 0
39 -4 0
39 -4 0
39 -4 0
39 -4 0
39 -4 0
39 -4 0
39 -4 0
39 -4 0
39 -4 0
39 -4 0
39 -4 0
39 -4 0
39 -4 0
39 -4 0
39 -4 0
39 -4 0
39 -4 0
39 -4 0
39 -4 0
39 0 -4
39 0 -4
39 0 -4
39 0 -4
39 0 -4
39 0 -4
39 0 -4
39 0 -4
39 0 -4
39 0 -4
39 0 -4
39 0 -4
39 0 -4
39 0 -4
39 0 -4
39 0 -4
39 0 -4
39 0 -4
39 0 -4
39 0 -4
39 0 -4
39 0 -4
39 0 -4
39 0 -4
39 0 -4
39 0 -4
39 4 0
39 4 0
39 4 0
39 4 0
39 4 0
39 4 0
39 4 0
39 4 0
39 4 0
39 4 0
39 4 0
39 4 0
39 4 0
39 4 0
39 4 0
39 4 0
39 4 0
39 4 0
39 4 0
39 4 0
39 4 0
39 4 0
39 4 0
39 4 0
39 4 0
39 4 0
39 0 4
39 0 4
39 0 4
39 0 4
39 0 4
39 0 4
39 0 4
39 0 4
39 0 4
39 0 4
