29 57 84 110 135 159 182 203 223 241 257 272 284 294 302 308 312 313 312 308 302 294 284 272 257 241 223 203 182 159 135 110 84 57 29
57 86 114 141 167 192 215 238 258 277 294 310 323 334 342 348 352 354 352 348 342 334 323 310 294 277 258 238 215 192 167 141 114 86 57
84 114 143 171 198 224 248 272 293 313 331 347 361 373 382 389 393 394 393 389 382 373 361 347 331 313 293 272 248 224 198 171 143 114 84
110 141 171 200 228 255 281 305 328 348 368 385 399 412 421 429 433 434 433 429 421 412 399 385 368 348 328 305 281 255 228 200 171 141 110
135 167 198 228 257 285 312 337 361 383 403 421 437 450 461 469 473 475 473 469 461 450 437 421 403 383 361 337 312 285 257 228 198 167 135
159 192 224 255 285 314 342 369 394 417 439 458 475 489 500 508 513 515 513 508 500 489 475 458 439 417 394 369 342 314 285 255 224 192 159
182 215 248 281 312 342 371 399 426 450 473 494 512 527 539 548 554 556 554 548 539 527 512 494 473 450 426 399 371 342 312 281 248 215 182
203 238 272 305 337 369 399 429 456 483 507 529 548 565 578 588 594 596 594 588 578 565 548 529 507 483 456 429 399 369 337 305 272 238 203
223 258 293 328 361 394 426 456 486 513 539 563 584 602 617 627 634 636 634 627 617 602 584 563 539 513 486 456 426 394 361 328 293 258 223
241 277 313 348 383 417 450 483 513 543 570 596 619 639 655 667 674 677 674 667 655 639 619 596 570 543 513 483 450 417 383 348 313 277 241
257 294 331 368 403 439 473 507 539 570 600 627 652 674 692 706 714 717 714 706 692 674 652 627 600 570 539 507 473 439 403 368 331 294 257
272 310 347 385 421 458 494 529 563 596 627 657 684 709 729 744 754 758 754 744 729 709 684 657 627 596 563 529 494 458 421 385 347 310 272
284 323 361 399 437 475 512 548 584 619 652 684 714 741 764 782 794 798 794 782 764 741 714 684 652 619 584 548 512 475 437 399 361 323 284
294 334 373 412 450 489 527 565 602 639 674 709 741 771 798 819 833 838 833 819 798 771 741 709 674 639 602 565 527 489 450 412 373 334 294
302 342 382 421 461 500 539 578 617 655 692 729 764 798 829 854 872 879 872 854 829 798 764 729 692 655 617 578 539 500 461 421 382 342 302
308 348 389 429 469 508 548 588 627 667 706 744 782 819 854 886 910 919 910 886 854 819 782 744 706 667 627 588 548 508 469 429 389 348 308
312 352 393 433 473 513 554 594 634 674 714 754 794 833 872 910 943 960 943 910 872 833 794 754 714 674 634 594 554 513 473 433 393 352 312
313 354 394 434 475 515 556 596 636 677 717 758 798 838 879 919 960 1000 960 919 879 838 798 758 717 677 636 596 556 515 475 434 394 354 313
312 352 393 433 473 513 554 594 634 674 714 754 794 833 872 910 943 960 943 910 872 833 794 754 714 674 634 594 554 513 473 433 393 352 312
308 348 389 429 469 508 548 588 627 667 706 744 782 819 854 886 910 919 910 886 854 819 782 744 706 667 627 588 548 508 469 429 389 348 308
302 342 382 421 461 500 539 578 617 655 692 729 764 798 829 854 872 879 872 854 829 798 764 729 692 655 617 578 539 500 461 421 382 342 302
294 334 373 412 450 489 527 565 602 639 674 709 741 771 798 819 833 838 833 819 798 771 741 709 674 639 602 565 527 489 450 412 373 334 294
284 323 361 399 437 475 512 548 584 619 652 684 714 741 764 782 794 798 794 782 764 741 714 684 652 619 584 548 512 475 437 399 361 323 284
272 310 347 385 421 458 494 529 563 596 627 657 684 709 729 744 754 758 754 744 729 709 684 657 627 596 563 529 494 458 421 385 347 310 272
257 294 331 368 403 439 473 507 539 570 600 627 652 674 692 706 714 717 714 706 692 674 652 627 600 570 539 507 473 439 403 368 331 294 257
241 277 313 348 383 417 450 483 513 543 570 596 619 639 655 667 674 677 674 667 655 639 619 596 570 543 513 483 450 417 383 348 313 277 241
223 258 293 328 361 394 426 456 486 513 539 563 584 602 617 627 634 636 634 627 617 602 584 563 539 513 486 456 426 394 361 328 293 258 223
203 238 272 305 337 369 399 429 456 483 507 529 548 565 578 588 594 596 594 588 578 565 548 529 507 483 456 429 399 369 337 305 272 238 203
182 215 248 281 312 342 371 399 426 450 473 494 512 527 539 548 554 556 554 548 539 527 512 494 473 450 426 399 371 342 312 281 248 215 182
159 192 224 255 285 314 342 369 394 417 439 458 475 489 500 508 513 515 513 508 500 489 475 458 439 417 394 369 342 314 285 255 224 192 159
135 167 198 228 257 285 312 337 361 383 403 421 437 450 461 469 473 475 473 469 461 450 437 421 403 383 361 337 312 285 257 228 198 167 135
110 141 171 200 228 255 281 305 328 348 368 385 399 412 421 429 433 434 433 429 421 412 399 385 368 348 328 305 281 255 228 200 171 141 110
84 114 143 171 198 224 248 272 293 313 331 347 361 373 382 389 393 394 393 389 382 373 361 347 331 313 293 272 248 224 198 171 143 114 84
57 86 114 141 167 192 215 238 258 277 294 310 323 334 342 348 352 354 352 348 342 334 323 310 294 277 258 238 215 192 167 141 114 86 57
29 57 84 110 135 159 182 203 223 241 257 272 284 294 302 308 312 313 312 308 302 294 284 272 257 241 223 203 182 159 135 110 84 57 29
0 0 0
0 0 0
0 0 0
0 0 0
0 0 0
0 0 0
0 0 0
0 0 0
0 0 0
0 0 0
0 0 0
0 0 0
0 0 0
0 0 0
0 0 0
0 0 0
0 0 0
0 0 0
0 0 0
0 0 0
0 0 0
0 0 0
0 0 0
0 0 0
0 0 0
0 0 0
0 0 0
0 0 0
0 0 0
0 0 0
0 0 0
0 0 0
0 0 0
0 0 0
0 0 0
0 0 0
0 0 0
0 0 0
0 0 0
0 0 0
0 0 0
0 0 0
0 0 0
0 0 0
0 0 0
0 0 0
0 0 0
0 0 0
0 0 0
0 0 0
0 0 0
0 0 0
0 0 0
0 0 0
0 0 0
0 0 0
0 0 0
0 0 0
0 0 0
0 0 0
0 0 0
0 0 0
0 0 0
0 0 0
0 0 0
0 0 0
0 0 0
0 0 0
0 0 0
0 0 0
0 0 0
0 0 0
0 0 0
0 0 0
0 0 0
0 0 0
0 0 0
0 0 0
0 0 0
0 0 0
0 0 0
0 0 0
0 0 0
0 0 0
0 0 0
0 0 0
0 0 0
0 0 0
0 0 0
0 0 0
0 0 0
0 0 0
0 0 0
0 0 0
0 0 0
0 0 0
0 0 0
0 0 0
0 0 0
0 0 0
0 0 0
0 0 0
0 0 0
0 0 0
0 0 0
0 0 0
0 0 0
0 0 0
0 0 0
0 0 0
0 0 0
0 0 0
0 0 0
0 0 0
0 0 0
0 0 0
0 0 0
0 0 0
0 0 0
0 0 0
0 0 0
0 0 0
0 0 0
0 0 0
0 0 0
0 0 0
0 0 0
0 0 0
0 0 0
0 0 0
0 0 0
0 0 0
0 0 0
0 0 0
0 0 0
0 0 0
0 0 0
0 0 0
# measure in=0, out=51, v=649 (616, 233, 833, 826, 0, 642, 1000, 1000, 1000, 1000, 667, 976, 680, 823, 877, 1000, 875, 206, 745, 320, 759, 920, 320, 549, 0, 764, 617, 308, 1000, 1000, 441, 245, 1000, 488, 671, 260, 1000, 509, 626, 688, 827, 1000, 380, 529, 818, 578, 396, 841, 781, 824, 428, 260, 717, 283, 935, 787, 513, 333, 893, 684, 867, 487, 447, 408, 1000, 1000, 679, 1000, 600, 515, 468, 1000, 794, 900, 733, 1000, 281, 783, 713, 289, 850, 878, 1000, 678, 977, 509, 756, 847, 214, 337, 160, 606, 1000, 1000, 169, 948, 1000, 709, 784, 621, 1000, 673, 503, 136, 559, 1000, 869, 0, 1000, 341, 912, 379, 465, 470, 337, 653, 655, 0, 931, 480, 934, 786, 552, 555, 81, 594, 298, 498, 886, 698, 321, 701, 157, 698, 972, 0, 308, 1000)
1 0 0
1 0 0
1 0 0
1 0 0
1 0 0
1 0 0
1 0 0
1 0 0
1 0 0
1 0 0
1 0 0
1 0 0
1 0 0
1 0 0
1 0 0
1 0 0
1 0 0
1 0 0
1 0 0
1 0 0
1 0 0
1 0 0
1 0 0
1 0 0
1 0 0
1 0 0
1 0 0
1 0 0
1 0 0
1 0 0
1 0 0
1 0 0
1 0 0
1 0 0
1 0 0
1 0 0
1 0 0
1 0 0
1 0 0
1 0 0
1 0 0
1 0 0
1 0 0
1 0 0
1 0 0
1 0 0
1 0 0
1 0 0
1 0 0
1 0 0
1 0 0
1 0 0
1 0 0
1 0 0
1 0 0
1 0 0
1 0 0
1 0 0
1 0 0
1 0 0
1 0 0
1 0 0
1 0 0
1 0 0
1 0 0
1 0 0
1 0 0
1 0 0
1 0 0
1 0 0
1 0 0
1 0 0
1 0 0
1 0 0
1 0 0
1 0 0
1 0 0
1 0 0
1 0 0
1 0 0
1 0 0
1 0 0
1 0 0
1 0 0
1 0 0
1 0 0
1 0 0
1 0 0
1 0 0
1 0 0
1 0 0
1 0 0
1 0 0
1 0 0
1 0 0
1 0 0
1 0 0
1 0 0
1 0 0
1 0 0
1 0 0
1 0 0
1 0 0
1 0 0
1 0 0
1 0 0
1 0 0
1 0 0
1 0 0
1 0 0
1 0 0
1 0 0
1 0 0
1 0 0
1 0 0
1 0 0
1 0 0
1 0 0
1 0 0
1 0 0
1 0 0
1 0 0
1 0 0
1 0 0
1 0 0
1 0 0
1 0 0
1 0 0
1 0 0
1 0 0
1 0 0
1 0 0
1 0 0
1 0 0
1 0 0
1 0 0
1 0 0
1 0 0
# measure in=1, out=26, v=324 (221, 426, 400, 314, 401, 199, 247, 0, 0, 0, 0, 881, 267, 0, 441, 0, 600, 528, 0, 0, 551, 106, 348, 115, 17, 279, 442, 509, 311, 769, 0, 18, 277, 0, 394, 0, 166, 387, 240, 481, 1000, 779, 164, 485, 32, 473, 0, 334, 371, 0, 0, 510, 520, 529, 0, 329, 588, 457, 802, 431, 317, 458, 723, 0, 0, 218, 353, 0, 1000, 487, 632, 340, 532, 516, 0, 146, 0, 287, 67, 560, 0, 289, 762, 206, 0, 25, 312, 879, 747, 781, 0, 209, 174, 184, 681, 0, 975, 0, 1000, 0, 0, 40, 340, 1000, 109, 563, 67, 817, 947, 276, 0, 165, 892, 695, 0, 0, 226, 0, 439, 453, 751, 324, 17, 146, 330, 40, 522, 610, 552, 190, 489, 472, 30, 367, 0, 258, 552, 0)
2 0 0
2 0 0
2 0 0
2 0 0
2 0 0
2 0 0
2 0 0
2 0 0
2 0 0
2 0 0
2 0 0
2 0 0
2 0 0
2 0 0
2 0 0
2 0 0
2 0 0
2 0 0
2 0 0
2 0 0
2 0 0
2 0 0
2 0 0
2 0 0
2 0 0
2 0 0
2 0 0
2 0 0
2 0 0
2 0 0
2 0 0
2 0 0
2 0 0
2 0 0
2 0 0
2 0 0
2 0 0
2 0 0
2 0 0
2 0 0
2 0 0
2 0 0
2 0 0
2 0 0
2 0 0
2 0 0
2 0 0
2 0 0
2 0 0
2 0 0
2 0 0
2 0 0
2 0 0
2 0 0
2 0 0
2 0 0
2 0 0
2 0 0
2 0 0
2 0 0
2 0 0
2 0 0
2 0 0
2 0 0
2 0 0
2 0 0
2 0 0
2 0 0
2 0 0
2 0 0
2 0 0
2 0 0
2 0 0
2 0 0
2 0 0
2 0 0
2 0 0
2 0 0
2 0 0
2 0 0
2 0 0
2 0 0
2 0 0
2 0 0
2 0 0
2 0 0
2 0 0
2 0 0
2 0 0
2 0 0
2 0 0
2 0 0
2 0 0
2 0 0
2 0 0
2 0 0
2 0 0
2 0 0
2 0 0
2 0 0
2 0 0
2 0 0
2 0 0
2 0 0
2 0 0
2 0 0
2 0 0
2 0 0
2 0 0
2 0 0
2 0 0
2 0 0
2 0 0
2 0 0
2 0 0
2 0 0
2 0 0
2 0 0
2 0 0
2 0 0
2 0 0
2 0 0
2 0 0
2 0 0
2 0 0
2 0 0
2 0 0
2 0 0
2 0 0
2 0 0
2 0 0
2 0 0
2 0 0
2 0 0
2 0 0
2 0 0
2 0 0
2 0 0
# measure in=2, out=37, v=556 (470, 746, 823, 845, 922, 758, 907, 556, 494, 830, 288, 628, 860, 386, 874, 1000, 584, 375, 603, 571, 402, 128, 1000, 216, 361, 1000, 893, 740, 1000, 458, 746, 368, 1000, 794, 412, 262, 368, 65, 196, 251, 0, 43, 440, 690, 568, 494, 0, 165, 150, 917, 858, 1000, 401, 874, 1000, 950, 712, 726, 586, 898, 0, 242, 628, 0, 1000, 0, 689, 454, 1000, 1000, 577, 416, 542, 246, 273, 1000, 564, 1000, 646, 574, 151, 130, 1000, 357, 352, 999, 621, 962, 513, 1000, 670, 319, 0, 164, 451, 183, 0, 0, 0, 381, 895, 180, 407, 266, 567, 684, 66, 765, 491, 879, 653, 789, 130, 682, 834, 614, 398, 1000, 686, 20, 401, 1000, 667, 768, 580, 569, 628, 517, 712, 666, 689, 671, 267, 473, 1000, 605, 543, 1000)
3 0 0
3 0 0
3 0 0
3 0 0
3 0 0
3 0 0
3 0 0
3 0 0
3 0 0
3 0 0
3 0 0
3 0 0
3 0 0
3 0 0
3 0 0
3 0 0
3 0 0
3 0 0
3 0 0
3 0 0
3 0 0
3 0 0
3 0 0
3 0 0
3 0 0
3 0 0
3 0 0
3 0 0
3 0 0
3 0 0
3 0 0
3 0 0
3 0 0
3 0 0
3 0 0
3 0 0
3 0 0
3 0 0
3 0 0
3 0 0
3 0 0
3 0 0
3 0 0
3 0 0
3 0 0
3 0 0
3 0 0
3 0 0
3 0 0
3 0 0
3 0 0
3 0 0
3 0 0
3 0 0
3 0 0
3 0 0
3 0 0
3 0 0
3 0 0
3 0 0
3 0 0
3 0 0
3 0 0
3 0 0
3 0 0
3 0 0
3 0 0
3 0 0
3 0 0
3 0 0
3 0 0
3 0 0
3 0 0
3 0 0
3 0 0
3 0 0
3 0 0
3 0 0
3 0 0
3 0 0
3 0 0
3 0 0
3 0 0
3 0 0
3 0 0
3 0 0
3 0 0
3 0 0
3 0 0
3 0 0
3 0 0
3 0 0
3 0 0
3 0 0
3 0 0
3 0 0
3 0 0
3 0 0
3 0 0
3 0 0
3 0 0
3 0 0
3 0 0
3 0 0
3 0 0
3 0 0
3 0 0
3 0 0
3 0 0
3 0 0
3 0 0
3 0 0
3 0 0
3 0 0
3 0 0
3 0 0
3 0 0
3 0 0
3 0 0
3 0 0
3 0 0
3 0 0
3 0 0
3 0 0
3 0 0
3 0 0
3 0 0
3 0 0
3 0 0
3 0 0
3 0 0
3 0 0
3 0 0
3 0 0
3 0 0
3 0 0
3 0 0
3 0 0
# measure in=3, out=11, v=338 (31, 673, 500, 791, 144, 535, 414, 518, 616, 460, 337, 363, 352, 271, 259, 97, 1000, 202, 661, 0, 620, 243, 142, 552, 122, 0, 664, 627, 653, 1000, 582, 688, 0, 227, 360, 18, 0, 18, 779, 409, 402, 351, 655, 0, 0, 182, 323, 0, 0, 413, 946, 549, 225, 594, 648, 557, 0, 1000, 0, 0, 552, 0, 239, 1000, 0, 256, 78, 0, 376, 439, 0, 213, 394, 716, 93, 0, 494, 50, 0, 0, 156, 496, 251, 473, 0, 427, 700, 698, 213, 6, 543, 0, 395, 315, 412, 0, 0, 0, 511, 0, 385, 48, 0, 126, 381, 323, 82, 822, 309, 620, 621, 604, 409, 445, 415, 507, 619, 149, 657, 1000, 94, 717, 24, 0, 850, 329, 0, 89, 210, 0, 890, 684, 205, 0, 0, 293, 598, 560)
4 0 0
4 0 0
4 0 0
4 0 0
4 0 0
4 0 0
4 0 0
4 0 0
4 0 0
4 0 0
4 0 0
4 0 0
4 0 0
4 0 0
4 0 0
4 0 0
4 0 0
4 0 0
4 0 0
4 0 0
4 0 0
4 0 0
4 0 0
4 0 0
4 0 0
4 0 0
4 0 0
4 0 0
4 0 0
4 0 0
4 0 0
4 0 0
4 0 0
4 0 0
4 0 0
4 0 0
4 0 0
4 0 0
4 0 0
4 0 0
4 0 0
4 0 0
4 0 0
4 0 0
4 0 0
4 0 0
4 0 0
4 0 0
4 0 0
4 0 0
4 0 0
4 0 0
4 0 0
4 0 0
4 0 0
4 0 0
4 0 0
4 0 0
4 0 0
4 0 0
4 0 0
4 0 0
4 0 0
4 0 0
4 0 0
4 0 0
4 0 0
4 0 0
4 0 0
4 0 0
4 0 0
4 0 0
4 0 0
4 0 0
4 0 0
4 0 0
4 0 0
4 0 0
4 0 0
4 0 0
4 0 0
4 0 0
4 0 0
4 0 0
4 0 0
4 0 0
4 0 0
4 0 0
4 0 0
4 0 0
4 0 0
4 0 0
4 0 0
4 0 0
4 0 0
4 0 0
4 0 0
4 0 0
4 0 0
4 0 0
4 0 0
4 0 0
4 0 0
4 0 0
4 0 0
4 0 0
4 0 0
4 0 0
4 0 0
4 0 0
4 0 0
4 0 0
4 0 0
4 0 0
4 0 0
4 0 0
4 0 0
4 0 0
4 0 0
4 0 0
4 0 0
4 0 0
4 0 0
4 0 0
4 0 0
4 0 0
4 0 0
4 0 0
4 0 0
4 0 0
4 0 0
4 0 0
4 0 0
4 0 0
4 0 0
4 0 0
4 0 0
4 0 0
# measure in=4, out=20, v=584 (644, 1000, 671, 544, 171, 330, 521, 761, 721, 952, 1000, 652, 105, 1000, 495, 534, 471, 1000, 1000, 171, 0, 642, 617, 548, 985, 623, 17, 690, 601, 735, 228, 367, 262, 1000, 37, 788, 854, 764, 933, 751, 703, 475, 362, 463, 813, 1000, 965, 1000, 464, 1000, 949, 713, 577, 221, 821, 747, 679, 1000, 684, 382, 1000, 994, 100, 940, 0, 306, 512, 576, 1000, 345, 692, 812, 905, 495, 314, 0, 555, 641, 49, 1000, 443, 1000, 172, 371, 1000, 252, 595, 1000, 522, 643, 15, 64, 113, 1000, 515, 174, 431, 574, 359, 464, 146, 565, 948, 0, 339, 237, 621, 476, 1000, 209, 337, 877, 1000, 444, 822, 590, 1000, 1000, 553, 1000, 744, 405, 1000, 511, 1000, 895, 928, 673, 113, 131, 306, 232, 619, 241, 340, 363, 547, 1000)
5 0 0
5 0 0
5 0 0
5 0 0
5 0 0
5 0 0
5 0 0
5 0 0
5 0 0
5 0 0
5 0 0
5 0 0
5 0 0
5 0 0
5 0 0
5 0 0
5 0 0
5 0 0
5 0 0
5 0 0
5 0 0
5 0 0
5 0 0
5 0 0
5 0 0
5 0 0
5 0 0
5 0 0
5 0 0
5 0 0
5 0 0
5 0 0
5 0 0
5 0 0
5 0 0
5 0 0
5 0 0
5 0 0
5 0 0
5 0 0
5 0 0
5 0 0
5 0 0
5 0 0
5 0 0
5 0 0
5 0 0
5 0 0
5 0 0
5 0 0
5 0 0
5 0 0
5 0 0
5 0 0
5 0 0
5 0 0
5 0 0
5 0 0
5 0 0
5 0 0
5 0 0
5 0 0
5 0 0
5 0 0
5 0 0
5 0 0
5 0 0
5 0 0
5 0 0
5 0 0
5 0 0
5 0 0
5 0 0
5 0 0
5 0 0
5 0 0
5 0 0
5 0 0
5 0 0
5 0 0
5 0 0
5 0 0
5 0 0
5 0 0
5 0 0
5 0 0
5 0 0
5 0 0
5 0 0
5 0 0
5 0 0
5 0 0
5 0 0
5 0 0
5 0 0
5 0 0
5 0 0
5 0 0
5 0 0
5 0 0
5 0 0
5 0 0
5 0 0
5 0 0
5 0 0
5 0 0
5 0 0
5 0 0
5 0 0
5 0 0
5 0 0
5 0 0
5 0 0
5 0 0
5 0 0
5 0 0
5 0 0
5 0 0
5 0 0
5 0 0
5 0 0
5 0 0
5 0 0
5 0 0
5 0 0
5 0 0
5 0 0
5 0 0
5 0 0
5 0 0
5 0 0
5 0 0
5 0 0
5 0 0
5 0 0
5 0 0
5 0 0
5 0 0
# measure in=5, out=42, v=353 (241, 578, 0, 684, 567, 0, 469, 410, 363, 169, 140, 587, 0, 0, 345, 184, 457, 22, 0, 147, 0, 567, 0, 659, 461, 276, 754, 91, 882, 267, 372, 246, 601, 703, 718, 113, 1000, 65, 0, 280, 710, 580, 422, 738, 155, 0, 293, 700, 0, 444, 78, 810, 558, 377, 1000, 754, 208, 81, 429, 942, 0, 356, 0, 453, 473, 435, 193, 643, 249, 0, 96, 27, 177, 0, 919, 317, 256, 617, 587, 811, 857, 0, 0, 463, 621, 0, 812, 470, 1000, 187, 155, 32, 0, 4, 230, 108, 421, 470, 782, 58, 523, 0, 879, 426, 0, 0, 0, 0, 0, 477, 319, 270, 26, 368, 374, 644, 234, 92, 484, 30, 0, 973, 49, 635, 255, 117, 529, 105, 982, 151, 477, 116, 786, 697, 407, 187, 410, 155)
6 0 0
6 0 0
6 0 0
6 0 0
6 0 0
6 0 0
6 0 0
6 0 0
6 0 0
6 0 0
6 0 0
6 0 0
6 0 0
6 0 0
6 0 0
6 0 0
6 0 0
6 0 0
6 0 0
6 0 0
6 0 0
6 0 0
6 0 0
6 0 0
6 0 0
6 0 0
6 0 0
6 0 0
6 0 0
6 0 0
6 0 0
6 0 0
6 0 0
6 0 0
6 0 0
6 0 0
6 0 0
6 0 0
6 0 0
6 0 0
6 0 0
6 0 0
6 0 0
6 0 0
6 0 0
6 0 0
6 0 0
6 0 0
6 0 0
6 0 0
6 0 0
6 0 0
6 0 0
6 0 0
6 0 0
6 0 0
6 0 0
6 0 0
6 0 0
6 0 0
6 0 0
6 0 0
6 0 0
6 0 0
6 0 0
6 0 0
6 0 0
6 0 0
6 0 0
6 0 0
6 0 0
6 0 0
6 0 0
6 0 0
6 0 0
6 0 0
6 0 0
6 0 0
6 0 0
6 0 0
6 0 0
6 0 0
6 0 0
6 0 0
6 0 0
6 0 0
6 0 0
6 0 0
6 0 0
6 0 0
6 0 0
6 0 0
6 0 0
6 0 0
6 0 0
6 0 0
6 0 0
6 0 0
6 0 0
6 0 0
6 0 0
6 0 0
6 0 0
6 0 0
6 0 0
6 0 0
6 0 0
6 0 0
6 0 0
6 0 0
6 0 0
6 0 0
6 0 0
6 0 0
6 0 0
6 0 0
6 0 0
6 0 0
6 0 0
6 0 0
6 0 0
6 0 0
6 0 0
6 0 0
6 0 0
6 0 0
6 0 0
6 0 0
6 0 0
6 0 0
6 0 0
6 0 0
6 0 0
6 0 0
6 0 0
6 0 0
6 0 0
6 0 0
# measure in=6, out=45, v=536 (356, 296, 522, 57, 871, 789, 353, 567, 1000, 866, 557, 1000, 23, 363, 132, 63, 1000, 698, 117, 960, 705, 977, 549, 871, 355, 474, 358, 791, 474, 645, 580, 725, 497, 415, 450, 618, 193, 318, 540, 435, 424, 298, 266, 884, 0, 622, 731, 462, 28, 102, 664, 745, 659, 466, 424, 770, 325, 655, 891, 152, 1000, 335, 413, 445, 979, 329, 537, 648, 1000, 872, 430, 475, 59, 1000, 773, 1000, 880, 637, 785, 680, 0, 311, 799, 710, 960, 386, 691, 791, 0, 184, 359, 307, 562, 1000, 391, 421, 332, 55, 1000, 352, 273, 966, 688, 1000, 643, 14, 522, 607, 911, 504, 820, 0, 262, 107, 0, 481, 482, 394, 494, 258, 726, 825, 942, 627, 551, 1000, 295, 430, 275, 158, 703, 628, 978, 184, 139, 541, 441, 552)
7 0 0
7 0 0
7 0 0
7 0 0
7 0 0
7 0 0
7 0 0
7 0 0
7 0 0
7 0 0
7 0 0
7 0 0
7 0 0
7 0 0
7 0 0
7 0 0
7 0 0
7 0 0
7 0 0
7 0 0
7 0 0
7 0 0
7 0 0
7 0 0
7 0 0
7 0 0
7 0 0
7 0 0
7 0 0
7 0 0
7 0 0
7 0 0
7 0 0
7 0 0
7 0 0
7 0 0
7 0 0
7 0 0
7 0 0
7 0 0
7 0 0
7 0 0
7 0 0
7 0 0
7 0 0
7 0 0
7 0 0
7 0 0
7 0 0
7 0 0
7 0 0
7 0 0
7 0 0
7 0 0
7 0 0
7 0 0
7 0 0
7 0 0
7 0 0
7 0 0
7 0 0
7 0 0
7 0 0
7 0 0
7 0 0
7 0 0
7 0 0
7 0 0
7 0 0
7 0 0
7 0 0
7 0 0
7 0 0
7 0 0
7 0 0
7 0 0
7 0 0
7 0 0
7 0 0
7 0 0
7 0 0
7 0 0
7 0 0
7 0 0
7 0 0
7 0 0
7 0 0
7 0 0
7 0 0
7 0 0
7 0 0
7 0 0
7 0 0
7 0 0
7 0 0
7 0 0
7 0 0
7 0 0
7 0 0
7 0 0
7 0 0
7 0 0
7 0 0
7 0 0
7 0 0
7 0 0
7 0 0
7 0 0
7 0 0
7 0 0
7 0 0
7 0 0
7 0 0
7 0 0
7 0 0
7 0 0
7 0 0
7 0 0
7 0 0
7 0 0
7 0 0
7 0 0
7 0 0
7 0 0
7 0 0
7 0 0
7 0 0
7 0 0
7 0 0
7 0 0
7 0 0
7 0 0
7 0 0
7 0 0
7 0 0
7 0 0
7 0 0
7 0 0
# measure in=7, out=16, v=185 (0, 367, 0, 0, 254, 213, 257, 356, 153, 0, 0, 396, 77, 0, 397, 100, 561, 0, 0, 0, 184, 273, 186, 0, 687, 196, 0, 0, 0, 0, 210, 0, 0, 298, 27, 317, 97, 188, 45, 353, 411, 0, 0, 0, 0, 324, 0, 0, 271, 369, 221, 0, 367, 6, 174, 159, 0, 773, 244, 173, 0, 636, 737, 0, 218, 346, 238, 422, 141, 276, 57, 211, 0, 0, 138, 0, 489, 0, 285, 570, 239, 296, 423, 105, 0, 250, 0, 0, 57, 302, 90, 373, 0, 0, 0, 0, 442, 441, 0, 443, 0, 0, 229, 0, 150, 1000, 895, 0, 0, 679, 32, 0, 0, 216, 128, 0, 203, 336, 147, 0, 502, 0, 356, 112, 147, 238, 327, 139, 0, 423, 0, 0, 239, 167, 255, 261, 0, 0)
8 0 0
8 0 0
8 0 0
8 0 0
8 0 0
8 0 0
8 0 0
8 0 0
8 0 0
8 0 0
8 0 0
8 0 0
8 0 0
8 0 0
8 0 0
8 0 0
8 0 0
8 0 0
8 0 0
8 0 0
8 0 0
8 0 0
8 0 0
8 0 0
8 0 0
8 0 0
8 0 0
8 0 0
8 0 0
8 0 0
8 0 0
8 0 0
8 0 0
8 0 0
8 0 0
8 0 0
8 0 0
8 0 0
8 0 0
8 0 0
8 0 0
8 0 0
8 0 0
8 0 0
8 0 0
8 0 0
8 0 0
8 0 0
8 0 0
8 0 0
8 0 0
8 0 0
8 0 0
8 0 0
8 0 0
8 0 0
8 0 0
8 0 0
8 0 0
8 0 0
8 0 0
8 0 0
8 0 0
8 0 0
8 0 0
8 0 0
8 0 0
8 0 0
8 0 0
8 0 0
8 0 0
8 0 0
8 0 0
8 0 0
8 0 0
8 0 0
8 0 0
8 0 0
8 0 0
8 0 0
8 0 0
8 0 0
8 0 0
8 0 0
8 0 0
8 0 0
8 0 0
8 0 0
8 0 0
8 0 0
8 0 0
8 0 0
8 0 0
8 0 0
8 0 0
8 0 0
8 0 0
8 0 0
8 0 0
8 0 0
8 0 0
8 0 0
8 0 0
8 0 0
8 0 0
8 0 0
8 0 0
8 0 0
8 0 0
8 0 0
8 0 0
8 0 0
8 0 0
8 0 0
8 0 0
8 0 0
8 0 0
8 0 0
8 0 0
8 0 0
8 0 0
8 0 0
8 0 0
8 0 0
8 0 0
8 0 0
8 0 0
8 0 0
8 0 0
8 0 0
8 0 0
8 0 0
8 0 0
8 0 0
8 0 0
8 0 0
8 0 0
8 0 0
# measure in=8, out=8, v=389 (197, 538, 302, 516, 502, 1000, 869, 577, 464, 498, 0, 272, 59, 165, 261, 650, 544, 502, 533, 192, 436, 302, 704, 374, 84, 529, 774, 394, 279, 0, 194, 289, 951, 622, 0, 924, 467, 517, 160, 791, 0, 935, 607, 171, 620, 294, 593, 408, 486, 0, 559, 331, 792, 0, 134, 428, 56, 104, 960, 496, 611, 1000, 536, 721, 544, 348, 0, 438, 0, 152, 603, 600, 362, 361, 101, 698, 213, 593, 769, 447, 321, 28, 754, 397, 620, 269, 30, 657, 0, 386, 0, 0, 378, 39, 52, 0, 355, 209, 756, 28, 524, 630, 551, 403, 0, 0, 644, 49, 0, 781, 94, 402, 132, 1000, 464, 0, 256, 0, 0, 803, 589, 559, 0, 354, 505, 929, 140, 632, 560, 230, 529, 313, 251, 231, 21, 61, 644, 380)
9 0 0
9 0 0
9 0 0
9 0 0
9 0 0
9 0 0
9 0 0
9 0 0
9 0 0
9 0 0
9 0 0
9 0 0
9 0 0
9 0 0
9 0 0
9 0 0
9 0 0
9 0 0
9 0 0
9 0 0
9 0 0
9 0 0
9 0 0
9 0 0
9 0 0
9 0 0
9 0 0
9 0 0
9 0 0
9 0 0
9 0 0
9 0 0
9 0 0
9 0 0
9 0 0
9 0 0
9 0 0
9 0 0
9 0 0
9 0 0
9 0 0
9 0 0
9 0 0
9 0 0
9 0 0
9 0 0
9 0 0
9 0 0
9 0 0
9 0 0
9 0 0
9 0 0
9 0 0
9 0 0
9 0 0
9 0 0
9 0 0
9 0 0
9 0 0
9 0 0
9 0 0
9 0 0
9 0 0
9 0 0
9 0 0
9 0 0
9 0 0
9 0 0
9 0 0
9 0 0
9 0 0
9 0 0
9 0 0
9 0 0
9 0 0
9 0 0
9 0 0
9 0 0
9 0 0
9 0 0
9 0 0
9 0 0
9 0 0
9 0 0
9 0 0
9 0 0
9 0 0
9 0 0
9 0 0
9 0 0
9 0 0
9 0 0
9 0 0
9 0 0
9 0 0
9 0 0
9 0 0
9 0 0
9 0 0
9 0 0
9 0 0
9 0 0
9 0 0
9 0 0
9 0 0
9 0 0
9 0 0
9 0 0
9 0 0
9 0 0
9 0 0
9 0 0
9 0 0
9 0 0
9 0 0
9 0 0
9 0 0
9 0 0
9 0 0
9 0 0
9 0 0
9 0 0
9 0 0
9 0 0
9 0 0
9 0 0
9 0 0
9 0 0
9 0 0
9 0 0
9 0 0
9 0 0
9 0 0
9 0 0
9 0 0
9 0 0
9 0 0
9 0 0
# measure in=9, out=16, v=195 (179, 0, 0, 0, 0, 0, 0, 107, 0, 0, 322, 0, 0, 0, 257, 161, 129, 0, 388, 0, 0, 243, 219, 204, 709, 0, 346, 0, 423, 539, 0, 293, 291, 0, 0, 171, 0, 378, 0, 872, 627, 0, 0, 0, 349, 892, 215, 319, 725, 347, 0, 0, 208, 0, 69, 0, 345, 489, 20, 273, 0, 32, 297, 101, 0, 0, 0, 474, 0, 717, 225, 103, 0, 137, 0, 34, 0, 0, 176, 71, 0, 401, 247, 0, 608, 0, 61, 0, 489, 536, 0, 1000, 150, 482, 0, 0, 0, 0, 567, 64, 0, 529, 0, 329, 0, 35, 474, 478, 644, 0, 0, 6, 206, 0, 558, 145, 285, 437, 0, 40, 0, 257, 410, 199, 0, 504, 276, 232, 414, 55, 342, 112, 205, 681, 0, 7, 0, 0)
10 0 0
10 0 0
10 0 0
10 0 0
10 0 0
10 0 0
10 0 0
10 0 0
10 0 0
10 0 0
10 0 0
10 0 0
10 0 0
10 0 0
10 0 0
10 0 0
10 0 0
10 0 0
10 0 0
10 0 0
10 0 0
10 0 0
10 0 0
10 0 0
10 0 0
10 0 0
10 0 0
10 0 0
10 0 0
10 0 0
10 0 0
10 0 0
10 0 0
10 0 0
10 0 0
10 0 0
10 0 0
10 0 0
10 0 0
10 0 0
10 0 0
10 0 0
10 0 0
10 0 0
10 0 0
10 0 0
10 0 0
10 0 0
10 0 0
10 0 0
10 0 0
10 0 0
10 0 0
10 0 0
10 0 0
10 0 0
10 0 0
10 0 0
10 0 0
10 0 0
10 0 0
10 0 0
10 0 0
10 0 0
10 0 0
10 0 0
10 0 0
10 0 0
10 0 0
10 0 0
10 0 0
10 0 0
10 0 0
10 0 0
10 0 0
10 0 0
10 0 0
10 0 0
10 0 0
10 0 0
10 0 0
10 0 0
10 0 0
10 0 0
10 0 0
10 0 0
10 0 0
10 0 0
10 0 0
10 0 0
10 0 0
10 0 0
10 0 0
10 0 0
10 0 0
10 0 0
10 0 0
10 0 0
10 0 0
10 0 0
10 0 0
10 0 0
10 0 0
10 0 0
10 0 0
10 0 0
10 0 0
10 0 0
10 0 0
10 0 0
10 0 0
10 0 0
10 0 0
10 0 0
10 0 0
10 0 0
10 0 0
10 0 0
10 0 0
10 0 0
10 0 0
10 0 0
10 0 0
10 0 0
10 0 0
10 0 0
10 0 0
10 0 0
10 0 0
10 0 0
10 0 0
10 0 0
10 0 0
10 0 0
10 0 0
10 0 0
10 0 0
10 0 0
# measure in=10, out=15, v=491 (0, 692, 652, 938, 802, 995, 0, 0, 67, 1000, 651, 815, 753, 1000, 671, 0, 186, 501, 29, 799, 0, 1000, 521, 597, 0, 150, 0, 669, 932, 140, 373, 526, 613, 0, 271, 1000, 1000, 0, 266, 176, 93, 224, 208, 1000, 112, 459, 100, 0, 975, 355, 168, 269, 946, 1000, 0, 542, 411, 573, 688, 611, 1000, 33, 719, 114, 591, 0, 248, 327, 566, 16, 425, 374, 735, 789, 621, 41, 743, 577, 286, 338, 846, 786, 1000, 959, 1000, 515, 156, 526, 689, 716, 51, 232, 282, 582, 0, 999, 224, 309, 83, 1000, 493, 998, 300, 698, 0, 627, 581, 512, 1000, 756, 252, 78, 1000, 0, 847, 236, 300, 411, 515, 1000, 317, 650, 459, 280, 742, 944, 356, 549, 522, 1000, 136, 561, 760, 391, 838, 939, 613, 1000)
11 0 0
11 0 0
11 0 0
11 0 0
11 0 0
11 0 0
11 0 0
11 0 0
11 0 0
11 0 0
11 0 0
11 0 0
11 0 0
11 0 0
11 0 0
11 0 0
11 0 0
11 0 0
11 0 0
11 0 0
11 0 0
11 0 0
11 0 0
11 0 0
11 0 0
11 0 0
11 0 0
11 0 0
11 0 0
11 0 0
11 0 0
11 0 0
11 0 0
11 0 0
11 0 0
11 0 0
11 0 0
11 0 0
11 0 0
11 0 0
11 0 0
11 0 0
11 0 0
11 0 0
11 0 0
11 0 0
11 0 0
11 0 0
11 0 0
11 0 0
11 0 0
11 0 0
11 0 0
11 0 0
11 0 0
11 0 0
11 0 0
11 0 0
11 0 0
11 0 0
11 0 0
11 0 0
11 0 0
11 0 0
11 0 0
11 0 0
11 0 0
11 0 0
11 0 0
11 0 0
11 0 0
11 0 0
11 0 0
11 0 0
11 0 0
11 0 0
11 0 0
11 0 0
11 0 0
11 0 0
11 0 0
11 0 0
11 0 0
11 0 0
11 0 0
11 0 0
11 0 0
11 0 0
11 0 0
11 0 0
11 0 0
11 0 0
11 0 0
11 0 0
11 0 0
11 0 0
11 0 0
11 0 0
11 0 0
11 0 0
11 0 0
11 0 0
11 0 0
11 0 0
11 0 0
11 0 0
11 0 0
11 0 0
11 0 0
11 0 0
11 0 0
11 0 0
11 0 0
11 0 0
11 0 0
11 0 0
11 0 0
11 0 0
11 0 0
11 0 0
11 0 0
11 0 0
11 0 0
11 0 0
11 0 0
11 0 0
11 0 0
11 0 0
11 0 0
11 0 0
11 0 0
11 0 0
11 0 0
11 0 0
11 0 0
11 0 0
11 0 0
11 0 0
# measure in=11, out=3, v=292 (117, 328, 775, 1000, 90, 99, 890, 455, 275, 1000, 0, 692, 526, 0, 508, 543, 0, 520, 0, 1000, 0, 0, 511, 280, 295, 0, 13, 394, 254, 383, 295, 309, 161, 201, 540, 360, 690, 146, 69, 319, 230, 406, 607, 0, 767, 0, 119, 224, 0, 421, 20, 355, 0, 490, 95, 247, 378, 257, 352, 545, 0, 71, 497, 288, 241, 599, 53, 0, 185, 193, 290, 128, 0, 206, 42, 1000, 6, 0, 676, 521, 464, 279, 0, 907, 1000, 701, 65, 245, 0, 376, 0, 183, 580, 48, 633, 531, 45, 370, 673, 25, 534, 148, 0, 90, 163, 0, 516, 325, 576, 725, 45, 19, 670, 42, 0, 0, 0, 0, 243, 0, 138, 523, 523, 0, 76, 660, 658, 141, 600, 0, 233, 0, 139, 0, 356, 975, 0, 39)
12 0 0
12 0 0
12 0 0
12 0 0
12 0 0
12 0 0
12 0 0
12 0 0
12 0 0
12 0 0
12 0 0
12 0 0
12 0 0
12 0 0
12 0 0
12 0 0
12 0 0
12 0 0
12 0 0
12 0 0
12 0 0
12 0 0
12 0 0
12 0 0
12 0 0
12 0 0
12 0 0
12 0 0
12 0 0
12 0 0
12 0 0
12 0 0
12 0 0
12 0 0
12 0 0
12 0 0
12 0 0
12 0 0
12 0 0
12 0 0
12 0 0
12 0 0
12 0 0
12 0 0
12 0 0
12 0 0
12 0 0
12 0 0
12 0 0
12 0 0
12 0 0
12 0 0
12 0 0
12 0 0
12 0 0
12 0 0
12 0 0
12 0 0
12 0 0
12 0 0
12 0 0
12 0 0
12 0 0
12 0 0
12 0 0
12 0 0
12 0 0
12 0 0
12 0 0
12 0 0
12 0 0
12 0 0
12 0 0
12 0 0
12 0 0
12 0 0
12 0 0
12 0 0
12 0 0
12 0 0
12 0 0
12 0 0
12 0 0
12 0 0
12 0 0
12 0 0
12 0 0
12 0 0
12 0 0
12 0 0
12 0 0
12 0 0
12 0 0
12 0 0
12 0 0
12 0 0
12 0 0
12 0 0
12 0 0
12 0 0
12 0 0
12 0 0
12 0 0
12 0 0
12 0 0
12 0 0
12 0 0
12 0 0
12 0 0
12 0 0
12 0 0
12 0 0
12 0 0
12 0 0
12 0 0
12 0 0
12 0 0
12 0 0
12 0 0
12 0 0
12 0 0
12 0 0
12 0 0
12 0 0
12 0 0
12 0 0
12 0 0
12 0 0
12 0 0
12 0 0
12 0 0
12 0 0
12 0 0
12 0 0
12 0 0
12 0 0
12 0 0
12 0 0
# measure in=12, out=7, v=226 (0, 340, 24, 0, 544, 57, 434, 313, 455, 184, 162, 0, 206, 344, 0, 0, 425, 171, 377, 573, 45, 480, 243, 135, 0, 580, 0, 317, 0, 203, 228, 0, 461, 238, 60, 234, 0, 0, 93, 590, 83, 263, 0, 656, 540, 720, 0, 562, 257, 159, 248, 0, 0, 1000, 85, 0, 0, 0, 0, 629, 0, 0, 0, 1, 9, 0, 106, 587, 111, 585, 369, 0, 0, 395, 516, 229, 378, 462, 123, 0, 269, 0, 563, 489, 0, 324, 0, 203, 160, 0, 857, 0, 314, 0, 197, 0, 0, 0, 0, 354, 0, 0, 154, 327, 63, 0, 423, 285, 442, 311, 940, 0, 127, 190, 0, 537, 0, 311, 498, 548, 128, 498, 0, 514, 288, 0, 219, 65, 0, 47, 0, 547, 722, 54, 628, 375, 33, 36)
13 0 0
13 0 0
13 0 0
13 0 0
13 0 0
13 0 0
13 0 0
13 0 0
13 0 0
13 0 0
13 0 0
13 0 0
13 0 0
13 0 0
13 0 0
13 0 0
13 0 0
13 0 0
13 0 0
13 0 0
13 0 0
13 0 0
13 0 0
13 0 0
13 0 0
13 0 0
13 0 0
13 0 0
13 0 0
13 0 0
13 0 0
13 0 0
13 0 0
13 0 0
13 0 0
13 0 0
13 0 0
13 0 0
13 0 0
13 0 0
13 0 0
13 0 0
13 0 0
13 0 0
13 0 0
13 0 0
13 0 0
13 0 0
13 0 0
13 0 0
13 0 0
13 0 0
13 0 0
13 0 0
13 0 0
13 0 0
13 0 0
13 0 0
13 0 0
13 0 0
13 0 0
13 0 0
13 0 0
13 0 0
13 0 0
13 0 0
13 0 0
13 0 0
13 0 0
13 0 0
13 0 0
13 0 0
13 0 0
13 0 0
13 0 0
13 0 0
13 0 0
13 0 0
13 0 0
13 0 0
13 0 0
13 0 0
13 0 0
13 0 0
13 0 0
13 0 0
13 0 0
13 0 0
13 0 0
13 0 0
13 0 0
13 0 0
13 0 0
13 0 0
13 0 0
13 0 0
13 0 0
13 0 0
13 0 0
13 0 0
13 0 0
13 0 0
13 0 0
13 0 0
13 0 0
13 0 0
13 0 0
13 0 0
13 0 0
13 0 0
13 0 0
13 0 0
13 0 0
13 0 0
13 0 0
13 0 0
13 0 0
13 0 0
13 0 0
13 0 0
13 0 0
13 0 0
13 0 0
13 0 0
13 0 0
13 0 0
13 0 0
13 0 0
13 0 0
13 0 0
13 0 0
13 0 0
13 0 0
13 0 0
13 0 0
13 0 0
13 0 0
13 0 0
# measure in=13, out=15, v=471 (193, 1000, 303, 74, 224, 280, 0, 406, 789, 166, 167, 464, 567, 493, 929, 964, 0, 803, 789, 0, 1000, 608, 706, 1000, 197, 0, 466, 406, 553, 1000, 1000, 672, 173, 0, 1000, 1000, 1000, 176, 0, 999, 741, 313, 0, 378, 518, 695, 628, 769, 419, 195, 610, 0, 431, 541, 353, 1000, 0, 0, 238, 524, 0, 694, 441, 553, 948, 83, 376, 305, 696, 617, 89, 486, 453, 86, 492, 597, 524, 279, 198, 1000, 1000, 624, 454, 6, 485, 277, 319, 858, 304, 57, 437, 231, 538, 541, 971, 1000, 500, 193, 646, 1000, 767, 904, 44, 1000, 0, 0, 1000, 898, 596, 137, 463, 671, 0, 301, 436, 43, 690, 0, 177, 823, 59, 537, 0, 1000, 505, 259, 142, 549, 778, 304, 360, 770, 478, 376, 329, 76, 69, 1000)
14 0 0
14 0 0
14 0 0
14 0 0
14 0 0
14 0 0
14 0 0
14 0 0
14 0 0
14 0 0
14 0 0
14 0 0
14 0 0
14 0 0
14 0 0
14 0 0
14 0 0
14 0 0
14 0 0
14 0 0
14 0 0
14 0 0
14 0 0
14 0 0
14 0 0
14 0 0
14 0 0
14 0 0
14 0 0
14 0 0
14 0 0
14 0 0
14 0 0
14 0 0
14 0 0
14 0 0
14 0 0
14 0 0
14 0 0
14 0 0
14 0 0
14 0 0
14 0 0
14 0 0
14 0 0
14 0 0
14 0 0
14 0 0
14 0 0
14 0 0
14 0 0
14 0 0
14 0 0
14 0 0
14 0 0
14 0 0
14 0 0
14 0 0
14 0 0
14 0 0
14 0 0
14 0 0
14 0 0
14 0 0
14 0 0
14 0 0
14 0 0
14 0 0
14 0 0
14 0 0
14 0 0
14 0 0
14 0 0
14 0 0
14 0 0
14 0 0
14 0 0
14 0 0
14 0 0
14 0 0
14 0 0
14 0 0
14 0 0
14 0 0
14 0 0
14 0 0
14 0 0
14 0 0
14 0 0
14 0 0
14 0 0
14 0 0
14 0 0
14 0 0
14 0 0
14 0 0
14 0 0
14 0 0
14 0 0
14 0 0
14 0 0
14 0 0
14 0 0
14 0 0
14 0 0
14 0 0
14 0 0
14 0 0
14 0 0
14 0 0
14 0 0
14 0 0
14 0 0
14 0 0
14 0 0
14 0 0
14 0 0
14 0 0
14 0 0
14 0 0
14 0 0
14 0 0
14 0 0
14 0 0
14 0 0
14 0 0
14 0 0
14 0 0
14 0 0
14 0 0
14 0 0
14 0 0
14 0 0
14 0 0
14 0 0
14 0 0
14 0 0
14 0 0
# measure in=14, out=17, v=444 (333, 430, 821, 858, 64, 455, 288, 487, 1000, 307, 339, 229, 344, 798, 214, 788, 631, 452, 372, 609, 48, 880, 968, 812, 920, 613, 819, 770, 182, 1000, 647, 294, 393, 563, 1000, 426, 61, 0, 554, 299, 0, 403, 224, 948, 462, 36, 506, 165, 0, 227, 801, 517, 506, 14, 381, 0, 309, 1000, 467, 326, 868, 332, 974, 475, 0, 480, 657, 232, 443, 0, 898, 385, 536, 267, 360, 1000, 589, 554, 0, 0, 956, 0, 650, 0, 581, 0, 221, 213, 97, 0, 485, 589, 0, 394, 417, 0, 133, 501, 340, 0, 366, 268, 830, 694, 369, 601, 77, 312, 352, 0, 773, 571, 1000, 860, 0, 378, 480, 561, 111, 380, 660, 1000, 656, 213, 475, 525, 77, 504, 1000, 137, 764, 649, 743, 250, 560, 136, 525, 447)
15 0 0
15 0 0
15 0 0
15 0 0
15 0 0
15 0 0
15 0 0
15 0 0
15 0 0
15 0 0
15 0 0
15 0 0
15 0 0
15 0 0
15 0 0
15 0 0
15 0 0
15 0 0
15 0 0
15 0 0
15 0 0
15 0 0
15 0 0
15 0 0
15 0 0
15 0 0
15 0 0
15 0 0
15 0 0
15 0 0
15 0 0
15 0 0
15 0 0
15 0 0
15 0 0
15 0 0
15 0 0
15 0 0
15 0 0
15 0 0
15 0 0
15 0 0
15 0 0
15 0 0
15 0 0
15 0 0
15 0 0
15 0 0
15 0 0
15 0 0
15 0 0
15 0 0
15 0 0
15 0 0
15 0 0
15 0 0
15 0 0
15 0 0
15 0 0
15 0 0
15 0 0
15 0 0
15 0 0
15 0 0
15 0 0
15 0 0
15 0 0
15 0 0
15 0 0
15 0 0
15 0 0
15 0 0
15 0 0
15 0 0
15 0 0
15 0 0
15 0 0
15 0 0
15 0 0
15 0 0
15 0 0
15 0 0
15 0 0
15 0 0
15 0 0
15 0 0
15 0 0
15 0 0
15 0 0
15 0 0
15 0 0
15 0 0
15 0 0
15 0 0
15 0 0
15 0 0
15 0 0
15 0 0
15 0 0
15 0 0
15 0 0
15 0 0
15 0 0
15 0 0
15 0 0
15 0 0
15 0 0
15 0 0
15 0 0
15 0 0
15 0 0
15 0 0
15 0 0
15 0 0
15 0 0
15 0 0
15 0 0
15 0 0
15 0 0
15 0 0
15 0 0
15 0 0
15 0 0
15 0 0
15 0 0
15 0 0
15 0 0
15 0 0
15 0 0
15 0 0
15 0 0
15 0 0
15 0 0
15 0 0
15 0 0
15 0 0
15 0 0
15 0 0
# measure in=15, out=28, v=729 (410, 1000, 1000, 912, 122, 758, 752, 611, 749, 539, 1000, 263, 1000, 491, 1000, 694, 819, 1000, 713, 557, 726, 677, 791, 958, 673, 337, 529, 464, 673, 902, 1000, 683, 982, 603, 317, 731, 867, 773, 0, 689, 589, 912, 941, 1000, 481, 1000, 1000, 1000, 832, 1000, 825, 1000, 854, 1000, 592, 514, 480, 694, 742, 392, 1000, 698, 862, 607, 629, 869, 183, 1000, 552, 707, 339, 1000, 227, 759, 1000, 956, 429, 680, 672, 1000, 727, 740, 825, 859, 1000, 249, 785, 1000, 846, 396, 856, 749, 650, 765, 1000, 1000, 1000, 892, 404, 0, 593, 409, 1000, 1000, 1000, 0, 982, 1000, 847, 759, 642, 1000, 623, 975, 1000, 503, 1000, 539, 704, 194, 716, 613, 565, 344, 1000, 1000, 1000, 370, 919, 821, 679, 1000, 803, 662, 791, 677, 79, 1000)
16 0 0
16 0 0
16 0 0
16 0 0
16 0 0
16 0 0
16 0 0
16 0 0
16 0 0
16 0 0
16 0 0
16 0 0
16 0 0
16 0 0
16 0 0
16 0 0
16 0 0
16 0 0
16 0 0
16 0 0
16 0 0
16 0 0
16 0 0
16 0 0
16 0 0
16 0 0
16 0 0
16 0 0
16 0 0
16 0 0
16 0 0
16 0 0
16 0 0
16 0 0
16 0 0
16 0 0
16 0 0
16 0 0
16 0 0
16 0 0
16 0 0
16 0 0
16 0 0
16 0 0
16 0 0
16 0 0
16 0 0
16 0 0
16 0 0
16 0 0
16 0 0
16 0 0
16 0 0
16 0 0
16 0 0
16 0 0
16 0 0
16 0 0
16 0 0
16 0 0
16 0 0
16 0 0
16 0 0
16 0 0
16 0 0
16 0 0
16 0 0
16 0 0
16 0 0
16 0 0
16 0 0
16 0 0
16 0 0
16 0 0
16 0 0
16 0 0
16 0 0
16 0 0
16 0 0
16 0 0
16 0 0
16 0 0
16 0 0
16 0 0
16 0 0
16 0 0
16 0 0
16 0 0
16 0 0
16 0 0
16 0 0
16 0 0
16 0 0
16 0 0
16 0 0
16 0 0
16 0 0
16 0 0
16 0 0
16 0 0
16 0 0
16 0 0
16 0 0
16 0 0
16 0 0
16 0 0
16 0 0
16 0 0
16 0 0
16 0 0
16 0 0
16 0 0
16 0 0
16 0 0
16 0 0
16 0 0
16 0 0
16 0 0
16 0 0
16 0 0
16 0 0
16 0 0
16 0 0
16 0 0
16 0 0
16 0 0
16 0 0
16 0 0
16 0 0
16 0 0
16 0 0
16 0 0
16 0 0
16 0 0
16 0 0
16 0 0
16 0 0
16 0 0
# measure in=16, out=5, v=360 (548, 537, 3, 294, 5, 0, 321, 317, 176, 572, 443, 617, 7, 330, 221, 270, 629, 432, 228, 331, 694, 832, 0, 757, 19, 67, 0, 625, 95, 132, 0, 724, 0, 341, 145, 260, 412, 75, 503, 269, 301, 92, 783, 404, 247, 254, 232, 57, 429, 929, 1000, 0, 283, 539, 399, 550, 0, 102, 96, 652, 424, 722, 0, 0, 810, 240, 0, 169, 814, 351, 170, 629, 478, 283, 194, 121, 0, 778, 415, 0, 606, 372, 124, 874, 0, 0, 20, 657, 1000, 709, 262, 181, 677, 925, 168, 0, 711, 478, 0, 144, 859, 79, 40, 0, 591, 583, 0, 1000, 204, 785, 238, 154, 212, 207, 809, 29, 0, 109, 1000, 447, 230, 588, 1000, 454, 599, 553, 302, 837, 1000, 12, 157, 183, 391, 699, 191, 0, 198, 0)
17 0 0
17 0 0
17 0 0
17 0 0
17 0 0
17 0 0
17 0 0
17 0 0
17 0 0
17 0 0
17 0 0
17 0 0
17 0 0
17 0 0
17 0 0
17 0 0
17 0 0
17 0 0
17 0 0
17 0 0
17 0 0
17 0 0
17 0 0
17 0 0
17 0 0
17 0 0
17 0 0
17 0 0
17 0 0
17 0 0
17 0 0
17 0 0
17 0 0
17 0 0
17 0 0
17 0 0
17 0 0
17 0 0
17 0 0
17 0 0
17 0 0
17 0 0
17 0 0
17 0 0
17 0 0
17 0 0
17 0 0
17 0 0
17 0 0
17 0 0
17 0 0
17 0 0
17 0 0
17 0 0
17 0 0
17 0 0
17 0 0
17 0 0
17 0 0
17 0 0
17 0 0
17 0 0
17 0 0
17 0 0
17 0 0
17 0 0
17 0 0
17 0 0
17 0 0
17 0 0
17 0 0
17 0 0
17 0 0
17 0 0
17 0 0
17 0 0
17 0 0
17 0 0
17 0 0
17 0 0
17 0 0
17 0 0
17 0 0
17 0 0
17 0 0
17 0 0
17 0 0
17 0 0
17 0 0
17 0 0
17 0 0
17 0 0
17 0 0
17 0 0
17 0 0
17 0 0
17 0 0
17 0 0
17 0 0
17 0 0
17 0 0
17 0 0
17 0 0
17 0 0
17 0 0
17 0 0
17 0 0
17 0 0
17 0 0
17 0 0
17 0 0
17 0 0
17 0 0
17 0 0
17 0 0
17 0 0
17 0 0
17 0 0
17 0 0
17 0 0
17 0 0
17 0 0
17 0 0
17 0 0
17 0 0
17 0 0
17 0 0
17 0 0
17 0 0
17 0 0
17 0 0
17 0 0
17 0 0
17 0 0
17 0 0
17 0 0
17 0 0
17 0 0
# measure in=17, out=47, v=642 (1000, 164, 1000, 132, 441, 865, 672, 877, 536, 726, 179, 344, 774, 322, 771, 645, 700, 204, 1000, 176, 287, 1000, 770, 1000, 887, 334, 799, 716, 1000, 503, 985, 638, 609, 148, 779, 956, 0, 671, 225, 582, 379, 847, 515, 1000, 0, 1000, 13, 740, 491, 1000, 211, 278, 1000, 741, 712, 1000, 1000, 1000, 1000, 528, 395, 1000, 714, 922, 588, 205, 623, 837, 734, 1000, 712, 381, 870, 470, 490, 961, 670, 722, 662, 732, 319, 701, 543, 353, 0, 0, 580, 214, 687, 959, 59, 973, 523, 0, 409, 1000, 828, 192, 620, 524, 831, 803, 1000, 332, 455, 1000, 1000, 755, 709, 1000, 1000, 1000, 1000, 1000, 1000, 617, 387, 508, 177, 856, 929, 298, 1000, 810, 568, 925, 993, 903, 943, 1000, 824, 143, 312, 546, 177, 331, 658, 593)
18 0 0
18 0 0
18 0 0
18 0 0
18 0 0
18 0 0
18 0 0
18 0 0
18 0 0
18 0 0
18 0 0
18 0 0
18 0 0
18 0 0
18 0 0
18 0 0
18 0 0
18 0 0
18 0 0
18 0 0
18 0 0
18 0 0
18 0 0
18 0 0
18 0 0
18 0 0
18 0 0
18 0 0
18 0 0
18 0 0
18 0 0
18 0 0
18 0 0
18 0 0
18 0 0
18 0 0
18 0 0
18 0 0
18 0 0
18 0 0
18 0 0
18 0 0
18 0 0
18 0 0
18 0 0
18 0 0
18 0 0
18 0 0
18 0 0
18 0 0
18 0 0
18 0 0
18 0 0
18 0 0
18 0 0
18 0 0
18 0 0
18 0 0
18 0 0
18 0 0
18 0 0
18 0 0
18 0 0
18 0 0
18 0 0
18 0 0
18 0 0
18 0 0
18 0 0
18 0 0
18 0 0
18 0 0
18 0 0
18 0 0
18 0 0
18 0 0
18 0 0
18 0 0
18 0 0
18 0 0
18 0 0
18 0 0
18 0 0
18 0 0
18 0 0
18 0 0
18 0 0
18 0 0
18 0 0
18 0 0
18 0 0
18 0 0
18 0 0
18 0 0
18 0 0
18 0 0
18 0 0
18 0 0
18 0 0
18 0 0
18 0 0
18 0 0
18 0 0
18 0 0
18 0 0
18 0 0
18 0 0
18 0 0
18 0 0
18 0 0
18 0 0
18 0 0
18 0 0
18 0 0
18 0 0
18 0 0
18 0 0
18 0 0
18 0 0
18 0 0
18 0 0
18 0 0
18 0 0
18 0 0
18 0 0
18 0 0
18 0 0
18 0 0
18 0 0
18 0 0
18 0 0
18 0 0
18 0 0
18 0 0
18 0 0
18 0 0
18 0 0
18 0 0
# measure in=18, out=59, v=611 (96, 1000, 507, 574, 0, 613, 52, 114, 628, 0, 1000, 1000, 588, 760, 428, 376, 199, 631, 1000, 700, 705, 793, 712, 868, 857, 0, 749, 1000, 998, 1000, 7, 789, 701, 0, 550, 1000, 286, 838, 556, 0, 542, 1000, 360, 587, 895, 283, 803, 473, 967, 604, 653, 653, 685, 433, 1000, 734, 896, 73, 212, 556, 765, 922, 1000, 710, 82, 312, 412, 553, 781, 973, 940, 959, 146, 1000, 658, 528, 716, 311, 798, 644, 723, 0, 500, 0, 316, 101, 1000, 814, 462, 639, 275, 812, 112, 1000, 687, 864, 1000, 584, 795, 333, 746, 381, 803, 512, 0, 945, 795, 392, 583, 174, 1000, 736, 878, 356, 729, 466, 611, 525, 1000, 1000, 612, 539, 1000, 425, 1000, 527, 888, 336, 451, 580, 772, 744, 981, 1000, 477, 553, 1000, 181)
19 0 0
19 0 0
19 0 0
19 0 0
19 0 0
19 0 0
19 0 0
19 0 0
19 0 0
19 0 0
19 0 0
19 0 0
19 0 0
19 0 0
19 0 0
19 0 0
19 0 0
19 0 0
19 0 0
19 0 0
19 0 0
19 0 0
19 0 0
19 0 0
19 0 0
19 0 0
19 0 0
19 0 0
19 0 0
19 0 0
19 0 0
19 0 0
19 0 0
19 0 0
19 0 0
19 0 0
19 0 0
19 0 0
19 0 0
19 0 0
19 0 0
19 0 0
19 0 0
19 0 0
19 0 0
19 0 0
19 0 0
19 0 0
19 0 0
19 0 0
19 0 0
19 0 0
19 0 0
19 0 0
19 0 0
19 0 0
19 0 0
19 0 0
19 0 0
19 0 0
19 0 0
19 0 0
19 0 0
19 0 0
19 0 0
19 0 0
19 0 0
19 0 0
19 0 0
19 0 0
19 0 0
19 0 0
19 0 0
19 0 0
19 0 0
19 0 0
19 0 0
19 0 0
19 0 0
19 0 0
19 0 0
19 0 0
19 0 0
19 0 0
19 0 0
19 0 0
19 0 0
19 0 0
19 0 0
19 0 0
19 0 0
19 0 0
19 0 0
19 0 0
19 0 0
19 0 0
19 0 0
19 0 0
19 0 0
19 0 0
19 0 0
19 0 0
19 0 0
19 0 0
19 0 0
19 0 0
19 0 0
19 0 0
19 0 0
19 0 0
19 0 0
19 0 0
19 0 0
19 0 0
19 0 0
19 0 0
19 0 0
19 0 0
19 0 0
19 0 0
19 0 0
19 0 0
19 0 0
19 0 0
19 0 0
19 0 0
19 0 0
19 0 0
19 0 0
19 0 0
19 0 0
19 0 0
19 0 0
19 0 0
19 0 0
19 0 0
19 0 0
19 0 0
# measure in=19, out=15, v=464 (579, 114, 706, 578, 642, 966, 563, 388, 259, 871, 63, 529, 1000, 0, 944, 396, 481, 547, 0, 170, 599, 1000, 529, 0, 672, 461, 169, 694, 0, 240, 383, 1000, 517, 0, 0, 403, 18, 381, 554, 889, 672, 270, 421, 470, 391, 18, 950, 419, 150, 579, 197, 196, 939, 353, 391, 462, 758, 735, 443, 127, 935, 695, 745, 237, 173, 286, 806, 248, 740, 450, 429, 0, 339, 173, 932, 379, 569, 671, 439, 101, 765, 520, 861, 35, 615, 808, 589, 0, 534, 0, 444, 622, 508, 526, 561, 368, 915, 783, 520, 492, 154, 469, 0, 39, 15, 237, 219, 827, 600, 860, 351, 473, 127, 387, 703, 239, 224, 448, 29, 816, 252, 1000, 727, 374, 852, 263, 0, 544, 590, 420, 0, 1000, 744, 635, 1000, 0, 874, 0)
20 0 0
20 0 0
20 0 0
20 0 0
20 0 0
20 0 0
20 0 0
20 0 0
20 0 0
20 0 0
20 0 0
20 0 0
20 0 0
20 0 0
20 0 0
20 0 0
20 0 0
20 0 0
20 0 0
20 0 0
20 0 0
20 0 0
20 0 0
20 0 0
20 0 0
20 0 0
20 0 0
20 0 0
20 0 0
20 0 0
20 0 0
20 0 0
20 0 0
20 0 0
20 0 0
20 0 0
20 0 0
20 0 0
20 0 0
20 0 0
20 0 0
20 0 0
20 0 0
20 0 0
20 0 0
20 0 0
20 0 0
20 0 0
20 0 0
20 0 0
20 0 0
20 0 0
20 0 0
20 0 0
20 0 0
20 0 0
20 0 0
20 0 0
20 0 0
20 0 0
20 0 0
20 0 0
20 0 0
20 0 0
20 0 0
20 0 0
20 0 0
20 0 0
20 0 0
20 0 0
20 0 0
20 0 0
20 0 0
20 0 0
20 0 0
20 0 0
20 0 0
20 0 0
20 0 0
20 0 0
20 0 0
20 0 0
20 0 0
20 0 0
20 0 0
20 0 0
20 0 0
20 0 0
20 0 0
20 0 0
20 0 0
20 0 0
20 0 0
20 0 0
20 0 0
20 0 0
20 0 0
20 0 0
20 0 0
20 0 0
20 0 0
20 0 0
20 0 0
20 0 0
20 0 0
20 0 0
20 0 0
20 0 0
20 0 0
20 0 0
20 0 0
20 0 0
20 0 0
20 0 0
20 0 0
20 0 0
20 0 0
20 0 0
20 0 0
20 0 0
20 0 0
20 0 0
20 0 0
20 0 0
20 0 0
20 0 0
20 0 0
20 0 0
20 0 0
20 0 0
20 0 0
20 0 0
20 0 0
20 0 0
20 0 0
20 0 0
20 0 0
20 0 0
# measure in=20, out=15, v=478 (730, 1000, 832, 0, 0, 165, 0, 608, 513, 224, 0, 561, 364, 150, 116, 181, 348, 102, 0, 612, 374, 405, 374, 481, 879, 36, 517, 1000, 837, 0, 0, 87, 0, 945, 141, 172, 688, 741, 779, 387, 142, 505, 938, 399, 947, 519, 731, 404, 172, 639, 355, 416, 36, 342, 611, 310, 859, 597, 458, 340, 597, 910, 430, 520, 0, 510, 63, 420, 465, 483, 1000, 659, 807, 247, 1000, 1000, 288, 407, 1000, 823, 256, 1000, 481, 58, 402, 920, 0, 366, 0, 452, 66, 1000, 407, 843, 1000, 105, 297, 787, 573, 635, 269, 613, 862, 671, 518, 614, 901, 997, 148, 707, 300, 757, 535, 646, 999, 0, 374, 854, 903, 47, 338, 783, 881, 508, 354, 360, 697, 504, 151, 0, 477, 859, 391, 1000, 354, 889, 463, 268)
21 0 0
21 0 0
21 0 0
21 0 0
21 0 0
21 0 0
21 0 0
21 0 0
21 0 0
21 0 0
21 0 0
21 0 0
21 0 0
21 0 0
21 0 0
21 0 0
21 0 0
21 0 0
21 0 0
21 0 0
21 0 0
21 0 0
21 0 0
21 0 0
21 0 0
21 0 0
21 0 0
21 0 0
21 0 0
21 0 0
21 0 0
21 0 0
21 0 0
21 0 0
21 0 0
21 0 0
21 0 0
21 0 0
21 0 0
21 0 0
21 0 0
21 0 0
21 0 0
21 0 0
21 0 0
21 0 0
21 0 0
21 0 0
21 0 0
21 0 0
21 0 0
21 0 0
21 0 0
21 0 0
21 0 0
21 0 0
21 0 0
21 0 0
21 0 0
21 0 0
21 0 0
21 0 0
21 0 0
21 0 0
21 0 0
21 0 0
21 0 0
21 0 0
21 0 0
21 0 0
21 0 0
21 0 0
21 0 0
21 0 0
21 0 0
21 0 0
21 0 0
21 0 0
21 0 0
21 0 0
21 0 0
21 0 0
21 0 0
21 0 0
21 0 0
21 0 0
21 0 0
21 0 0
21 0 0
21 0 0
21 0 0
21 0 0
21 0 0
21 0 0
21 0 0
21 0 0
21 0 0
21 0 0
21 0 0
21 0 0
21 0 0
21 0 0
21 0 0
21 0 0
21 0 0
21 0 0
21 0 0
21 0 0
21 0 0
21 0 0
21 0 0
21 0 0
21 0 0
21 0 0
21 0 0
21 0 0
21 0 0
21 0 0
21 0 0
21 0 0
21 0 0
21 0 0
21 0 0
21 0 0
21 0 0
21 0 0
21 0 0
21 0 0
21 0 0
21 0 0
21 0 0
21 0 0
21 0 0
21 0 0
21 0 0
21 0 0
21 0 0
21 0 0
# measure in=21, out=54, v=602 (844, 414, 806, 503, 809, 512, 1000, 1000, 1000, 816, 207, 422, 710, 975, 988, 465, 797, 0, 430, 822, 122, 0, 1000, 0, 568, 789, 485, 1000, 1000, 801, 1000, 656, 804, 632, 445, 351, 26, 1000, 615, 235, 1000, 896, 1000, 157, 609, 178, 792, 342, 806, 296, 769, 448, 358, 1000, 270, 657, 1000, 460, 767, 1000, 383, 805, 1000, 293, 943, 447, 849, 676, 900, 494, 295, 699, 549, 0, 649, 0, 851, 1000, 365, 280, 450, 433, 620, 674, 434, 734, 768, 1000, 626, 794, 638, 122, 595, 70, 964, 804, 1000, 569, 385, 193, 354, 868, 458, 569, 1000, 314, 319, 630, 0, 559, 0, 756, 898, 255, 61, 848, 1000, 1000, 636, 724, 844, 350, 1000, 897, 959, 616, 646, 1000, 382, 221, 47, 449, 1000, 475, 250, 566, 658, 572)
22 0 0
22 0 0
22 0 0
22 0 0
22 0 0
22 0 0
22 0 0
22 0 0
22 0 0
22 0 0
22 0 0
22 0 0
22 0 0
22 0 0
22 0 0
22 0 0
22 0 0
22 0 0
22 0 0
22 0 0
22 0 0
22 0 0
22 0 0
22 0 0
22 0 0
22 0 0
